1491738974 100
1491739284 100
1491739594 99
1491739905 100
1491740205 100
1491740515 99
1491740825 100
1491741126 100
1491741436 100
1491741746 100
1491742056 100
1491742366 100
1491742667 100
1491742977 100
1491743287 100
1491743597 100
1491743898 98
1491744208 99
1491744518 100
1491744828 98
1491745129 99
1491745439 99
1491745749 99
1491746060 100
1491746360 0
1491746670 99
1491746980 100
1491747281 100
1491747591 99
1491747901 100
1491748211 100
1491748512 99
1491748822 100
1491749132 99
1491749442 98
1491749743 100
1491750053 98
1491750364 100
1491750664 99
1491750974 100
1491751284 99
1491751585 100
1491751895 100
1491752205 99
1491752515 100
1491752816 100
1491753126 100
1491753436 100
1491753747 100
1491754047 100
1491754357 100
1491754667 100
1491754968 100
1491755278 100
1491755588 100
1491755898 100
1491756199 100
1491756509 100
1491756819 100
1491757129 100
1491757440 100
1491757740 100
1491758050 100
1491758360 100
1491758661 100
1491758971 100
1491759281 100
1491759592 100
1491759892 100
1491760202 100
1491760512 99
1491760822 100
1491761123 100
1491761433 99
1491761743 100
1491762053 100
1491762354 100
1491762664 100
1491762974 100
1491763285 100
1491763585 100
1491763895 100
1491764205 100
1491764506 100
1491764816 100
1491765126 100
1491765436 100
1491765737 100
1491766047 100
1491766357 100
1491766667 100
1491766977 100
1491767278 100
1491767588 100
1491767898 100
1491768208 100
1491768518 100
1491768819 100
1491769129 100
1491769439 100
1491769749 100
1491770050 99
1491770360 100
1491770670 100
1491770980 100
1491771291 100
1491771591 99
1491771901 100
1491772211 100
1491772522 100
1491772822 100
1491773132 100
1491773442 100
1491773753 100
1491774053 100
1491774363 100
1491774673 99
1491774984 100
1491775284 100
1491775594 100
1491775904 100
1491776215 98
1491776515 99
1491776825 100
1491777135 100
1491777446 100
1491777746 100
1491778056 100
1491778366 100
1491778677 100
1491778977 100
1491779287 100
1491779597 100
1491779907 100
1491780208 100
1491780518 100
1491780828 100
1491781138 100
1491781439 100
1491781749 100
1491782059 100
1491782369 100
1491782670 99
1491782980 100
1491783290 100
1491783600 100
1491783911 100
1491784211 100
1491784521 100
1491784831 100
1491785132 98
1491785442 100
1491785752 100
1491786062 100
1491786363 100
1491786673 100
1491786983 100
1491787293 99
1491787594 100
1491787904 98
1491788214 99
1491788524 100
1491788825 100
1491789135 100
1491789445 100
1491789756 100
1491790056 100
1491790366 100
1491790676 100
1491790977 100
1491791287 100
1491791597 99
1491791907 100
1491792208 99
1491792518 100
1491792828 100
1491793129 100
1491793439 98
1491793749 100
1491794059 100
1491794360 100
1491794670 100
1491794980 99
1491795290 100
1491795591 100
1491795901 100
1491796211 97
1491796512 99
1491796822 100
1491797132 100
1491797443 100
1491797743 99
1491798053 100
1491798363 100
1491798674 100
1491798974 100
1491799284 99
1491799594 100
1491799905 100
1491800205 100
1491800515 100
1491800825 100
1491801126 100
1491801436 99
1491801746 100
1491802056 100
1491802357 99
1491802667 100
1491802977 100
1491803278 100
1491803588 100
1491803898 100
1491804208 100
1491804519 97
1491804819 100
1491805129 100
1491805439 100
1491805749 100
1491806050 100
1491806360 100
1491806670 100
1491806981 98
1491807281 100
1491807591 100
1491807901 99
1491808202 100
1491808512 100
1491808822 100
1491809133 100
1491809433 100
1491809743 100
1491810053 100
1491810354 100
1491810664 100
1491810974 99
1491811284 99
1491811595 100
1491811895 100
1491812205 99
1491812515 100
1491812816 100
1491813126 100
1491813436 100
1491813737 100
1491814047 100
1491814357 100
1491814667 99
1491814968 100
1491815278 100
1491815588 100
1491815898 100
1491816199 100
1491816509 100
1491816819 100
1491817129 99
1491817430 100
1491817740 100
1491818050 100
1491818360 99
1491818661 99
1491818971 100
1491819281 100
1491819582 99
1491819892 100
1491820202 100
1491820512 100
1491820822 100
1491821133 100
1491821433 100
1491821743 100
1491822053 100
1491822354 100
1491822664 100
1491822974 99
1491823275 100
1491823585 100
1491823895 100
1491824206 99
1491824506 100
1491824816 100
1491825126 100
1491825427 100
1491825737 100
1491826047 100
1491826357 100
1491826658 100
1491826968 100
1491827278 100
1491827588 100
1491827889 100
1491828199 99
1491828509 100
1491828819 99
1491829120 100
1491829430 100
1491829740 100
1491830050 100
1491830351 100
1491830661 100
1491830971 100
1491831281 100
1491831582 100
1491831892 100
1491832202 100
1491832512 100
1491832822 100
1491833123 100
1491833433 100
1491833743 99
1491834053 99
1491834354 100
1491834664 100
1491834974 100
1491835284 100
1491835585 100
1491835895 100
1491836205 100
1491836515 100
1491836826 100
1491837126 100
1491837436 100
1491837746 99
1491838057 100
1491838357 100
1491838667 100
1491838977 100
1491839287 100
1491839588 100
1491839898 100
1491840208 100
1491840518 100
1491840819 100
1491841129 100
1491841439 100
1491841740 100
1491842050 99
1491842360 100
1491842670 100
1491842971 98
1491843281 100
1491843591 100
1491843902 100
1491844212 100
1491844522 100
1491844832 100
1491845133 100
1491845443 100
1491845753 100
1491846063 100
1491846364 100
1491846674 100
1491846984 99
1491847295 100
1491847605 100
1491847915 99
1491848225 97
1491848526 100
1491848836 100
1491849146 100
1491849456 99
1491849757 100
1491850067 100
1491850377 100
1491850678 100
1491850988 100
1491851298 100
1491851599 100
1491851909 100
1491852219 100
1491852529 100
1491852830 100
1491853140 100
1491853450 100
1491853760 99
1491854061 100
1491854371 100
1491854681 100
1491854982 100
1491855292 100
1491855602 100
1491855912 100
1491856213 100
1491856523 100
1491856833 100
1491857134 100
1491857444 100
1491857754 100
1491858064 100
1491858365 100
1491858675 100
1491858985 99
1491859295 100
1491859596 100
1491859906 100
1491860216 100
1491860526 100
1491860837 100
1491861137 100
1491861447 100
1491861757 100
1491862067 99
1491862368 100
1491862678 100
1491862988 100
1491863289 100
1491863599 100
1491863909 100
1491864219 100
1491864520 100
1491864830 100
1491865140 100
1491865450 99
1491865751 99
1491866061 100
1491866371 100
1491866682 100
1491866992 99
1491867302 99
1491867612 100
1491867913 100
1491868223 100
1491868533 100
1491868844 100
1491869144 100
1491869454 100
1491869764 99
1491870065 97
1491870375 100
1491870685 99
1491870995 100
1491871296 100
1491871606 100
1491871916 100
1491872226 100
1491872527 100
1491872837 100
1491873147 100
1491873448 99
1491873758 100
1491874068 100
1491874378 100
1491874679 100
1491874989 100
1491875299 100
1491875609 100
1491875910 100
1491876220 100
1491876530 99
1491876840 100
1491877141 100
1491877451 100
1491877761 100
1491878062 100
1491878372 100
1491878682 100
1491878992 100
1491879293 100
1491879603 100
1491879913 100
1491880224 99
1491880524 99
1491880834 100
1491881144 100
1491881445 100
1491881755 99
1491882065 100
1491882376 100
1491882676 100
1491882986 100
1491883296 100
1491883606 100
1491883907 100
1491884217 100
1491884527 100
1491884837 100
1491885138 100
1491885448 100
1491885758 100
1491886069 100
1491886369 0
1491886679 100
1491886989 100
1491887290 100
1491887600 100
1491887910 100
1491888220 100
1491888531 100
1491888831 100
1491889141 100
1491889451 100
1491889762 100
1491890062 100
1491890372 99
1491890682 100
1491890983 100
1491891293 100
1491891603 100
1491891913 100
1491892214 100
1491892524 100
1491892834 99
1491893144 100
1491893445 100
1491893755 100
1491894065 100
1491894376 100
1491894676 100
1491894986 100
1491895297 100
1491895597 100
1491895907 100
1491896217 100
1491896528 100
1491896828 100
1491897138 100
1491897448 100
1491897749 100
1491898059 100
1491898369 99
1491898679 100
1491898980 100
1491899290 100
1491899600 100
1491899911 100
1491900211 100
1491900521 100
1491900831 100
1491901142 100
1491901442 100
1491901752 100
1491902062 100
1491902363 100
1491902673 100
1491902983 100
1491903294 99
1491903594 100
1491903904 99
1491904214 99
1491904525 99
1491904825 100
1491905135 100
1491905445 100
1491905755 100
1491906056 100
1491906366 100
1491906676 100
1491906987 100
1491907297 99
1491907607 100
1491907917 100
1491908218 100
1491908528 97
1491908838 100
1491909148 100
1491909449 100
1491909759 100
1491910069 100
1491910380 100
1491910680 100
1491910990 100
1491911300 100
1491911601 100
1491911911 100
1491912221 100
1491912531 100
1491912832 100
1491913142 100
1491913452 100
1491913763 97
1491914063 100
1491914373 100
1491914683 100
1491914984 100
1491915294 100
1491915604 100
1491915914 100
1491916215 100
1491916525 99
1491916835 100
1491917146 100
1491917456 99
1491917766 100
1491918076 100
1491918377 100
1491918687 100
1491918997 100
1491919308 100
1491919608 100
1491919918 100
1491920228 100
1491920538 100
1491920839 100
1491921149 100
1491921459 100
1491921760 100
1491922070 100
1491922380 100
1491922690 100
1491922991 100
1491923301 100
1491923611 100
1491923921 100
1491924222 100
1491924532 100
1491924842 100
1491925153 100
1491925453 100
1491925763 100
1491926073 100
1491926374 100
1491926684 100
1491926994 100
1491927305 100
1491927605 100
1491927915 100
1491928225 100
1491928526 100
1491928836 100
1491929146 100
1491929457 100
1491929757 100
1491930067 100
1491930377 100
1491930688 100
1491930988 100
1491931298 100
1491931608 100
1491931918 100
1491932219 99
1491932529 100
1491932839 100
1491933140 100
1491933450 100
1491933760 100
1491934070 100
1491934371 100
1491934681 100
1491934991 100
1491935301 100
1491935602 97
1491935912 100
1491936222 100
1491936523 100
1491936833 100
1491937143 100
1491937453 100
1491937754 100
1491938064 100
1491938374 100
1491938684 100
1491938985 98
1491939295 100
1491939605 99
1491939915 100
1491940216 100
1491940526 100
1491940836 100
1491941146 100
1491941447 100
1491941757 100
1491942067 100
1491942368 100
1491942678 100
1491942988 100
1491943298 100
1491943599 100
1491943909 100
1491944219 100
1491944530 100
1491944830 100
1491945140 100
1491945450 100
1491945751 100
1491946061 100
1491946371 100
1491946681 100
1491946982 100
1491947292 100
1491947602 100
1491947913 100
1491948213 100
1491948523 100
1491948833 100
1491949134 100
1491949444 100
1491949754 100
1491950064 100
1491950375 100
1491950685 100
1491950995 100
1491951305 100
1491951606 100
1491951916 100
1491952226 100
1491952536 100
1491952837 100
1491953147 99
1491953457 98
1491953768 100
1491954068 100
1491954378 100
1491954688 100
1491954989 100
1491955299 100
1491955609 100
1491955919 99
1491956220 98
1491956530 100
1491956840 99
1491957141 100
1491957451 98
1491957761 100
1491958071 100
1491958372 100
1491958682 100
1491958992 100
1491959302 100
1491959603 99
1491959913 100
1491960223 100
1491960524 100
1491960834 100
1491961144 100
1491961454 100
1491961755 100
1491962065 99
1491962375 100
1491962685 100
1491962986 100
1491963296 100
1491963606 100
1491963916 100
1491964217 100
1491964527 100
1491964837 100
1491965148 100
1491965448 99
1491965758 100
1491966068 100
1491966379 100
1491966679 100
1491966989 100
1491967299 99
1491967610 100
1491967910 99
1491968220 100
1491968530 100
1491968840 100
1491969141 100
1491969451 98
1491969761 100
1491970071 100
1491970372 99
1491970682 100
1491970992 100
1491971303 100
1491971603 100
1491971913 100
1491972223 100
1491972533 100
1491972834 100
1491973144 100
1491973454 100
1491973764 99
1491974065 100
1491974375 100
1491974685 100
1491974995 100
1491975296 99
1491975606 100
1491975916 100
1491976227 100
1491976527 100
1491976837 100
1491977147 100
1491977448 99
1491977758 100
1491978068 99
1491978369 100
1491978679 100
1491978989 100
1491979299 100
1491979610 100
1491979910 100
1491980220 99
1491980530 100
1491980831 100
1491981141 100
1491981451 100
1491981761 100
1491982062 100
1491982372 100
1491982682 100
1491982983 100
1491983293 100
1491983603 100
1491983913 100
1491984224 100
1491984524 100
1491984834 99
1491985144 100
1491985445 100
1491985755 100
1491986065 100
1491986376 100
1491986676 100
1491986986 100
1491987296 99
1491987607 100
1491987917 100
1491988227 100
1491988538 100
1491988838 100
1491989148 100
1491989458 100
1491989759 100
1491990069 100
1491990379 100
1491990689 100
1491990990 100
1491991300 99
1491991610 100
1491991920 100
1491992221 99
1491992531 100
1491992841 100
1491993142 100
1491993452 100
1491993762 100
1491994073 100
1491994373 100
1491994683 100
1491994993 100
1491995303 100
1491995604 99
1491995914 100
1491996224 100
1491996534 100
1491996835 100
1491997145 100
1491997455 100
1491997756 100
1491998066 100
1491998376 100
1491998686 100
1491998987 100
1491999297 100
1491999607 100
1491999917 100
1492000218 100
1492000528 100
1492000838 100
1492001139 100
1492001449 100
1492001759 100
1492002069 99
1492002370 100
1492002680 100
1492002990 100
1492003301 100
1492003601 100
1492003911 100
1492004221 98
1492004522 100
1492004832 100
1492005142 100
1492005452 100
1492005753 100
1492006063 100
1492006373 100
1492006684 100
1492006984 100
1492007294 100
1492007604 100
1492007914 100
1492008215 100
1492008525 100
1492008835 100
1492009146 100
1492009446 100
1492009756 100
1492010066 98
1492010377 100
1492010677 100
1492010987 100
1492011297 100
1492011598 100
1492011908 98
1492012218 100
1492012528 100
1492012829 100
1492013139 100
1492013449 100
1492013750 99
1492014060 100
1492014370 100
1492014680 100
1492014981 100
1492015291 100
1492015601 100
1492015911 100
1492016222 100
1492016522 100
1492016832 100
1492017142 100
1492017443 100
1492017753 100
1492018063 100
1492018374 100
1492018674 100
1492018984 100
1492019294 100
1492019595 100
1492019905 100
1492020215 99
1492020525 100
1492020826 100
1492021136 98
1492021446 100
1492021756 100
1492022057 100
1492022367 100
1492022677 100
1492022988 100
1492023288 100
1492023598 100
1492023908 100
1492024209 100
1492024519 100
1492024829 100
1492025139 100
1492025440 99
1492025750 100
1492026060 100
1492026371 99
1492026671 100
1492026981 100
1492027291 100
1492027602 100
1492027902 100
1492028212 100
1492028522 100
1492028823 100
1492029133 100
1492029443 100
1492029754 99
1492030054 100
1492030364 100
1492030674 100
1492030985 99
1492031285 100
1492031595 100
1492031905 100
1492032206 100
1492032516 100
1492032826 100
1492033127 100
1492033437 99
1492033747 100
1492034057 100
1492034367 100
1492034668 100
1492034978 100
1492035288 100
1492035589 100
1492035899 100
1492036209 100
1492036510 100
1492036820 100
1492037130 100
1492037440 100
1492037741 100
1492038051 99
1492038361 100
1492038671 100
1492038972 100
1492039282 100
1492039592 100
1492039902 100
1492040203 100
1492040513 100
1492040823 100
1492041134 99
1492041434 100
1492041744 100
1492042054 100
1492042364 100
1492042665 99
1492042975 99
1492043285 100
1492043596 100
1492043896 100
1492044206 100
1492044516 100
1492044817 100
1492045127 100
1492045437 99
1492045747 100
1492046048 100
1492046358 99
1492046668 100
1492046978 100
1492047279 100
1492047589 99
1492047899 100
1492048200 100
1492048510 98
1492048820 100
1492049130 100
1492049431 100
1492049741 99
1492050051 99
1492050361 100
1492050662 99
1492050972 100
1492051282 100
1492051593 100
1492051893 100
1492052203 100
1492052513 100
1492052814 100
1492053124 100
1492053434 100
1492053735 100
1492054045 100
1492054355 100
1492054666 99
1492054966 100
1492055276 100
1492055586 98
1492055887 100
1492056197 100
1492056507 99
1492056817 100
1492057128 100
1492057428 100
1492057738 100
1492058048 100
1492058349 100
1492058659 100
1492058969 100
1492059270 100
1492059580 100
1492059890 100
1492060201 100
1492060501 100
1492060811 100
1492061121 100
1492061431 100
1492061732 100
1492062042 100
1492062352 100
1492062663 99
1492062963 100
1492063273 100
1492063583 100
1492063893 100
1492064194 100
1492064504 100
1492064814 100
1492065125 100
1492065425 100
1492065735 100
1492066045 100
1492066346 100
1492066656 99
1492066966 100
1492067276 100
1492067577 100
1492067887 100
1492068197 100
1492068507 100
1492068808 100
1492069118 100
1492069428 100
1492069739 100
1492070039 100
1492070349 100
1492070659 100
1492070960 100
1492071270 100
1492071580 100
1492071881 98
1492072191 100
1492072501 100
1492072811 100
1492073122 100
1492073422 100
1492073732 99
1492074042 100
1492074343 100
1492074653 100
1492074963 100
1492075274 99
1492075574 99
1492075884 100
1492076194 100
1492076495 100
1492076805 100
1492077115 100
1492077426 99
1492077726 99
1492078036 100
1492078346 99
1492078657 100
1492078957 99
1492079267 99
1492079577 100
1492079878 100
1492080188 100
1492080498 100
1492080808 100
1492081109 100
1492081419 100
1492081729 100
1492082039 100
1492082349 100
1492082650 99
1492082960 100
1492083270 100
1492083571 100
1492083881 100
1492084191 100
1492084501 100
1492084802 100
1492085112 100
1492085422 100
1492085732 100
1492086033 100
1492086343 99
1492086653 99
1492086954 100
1492087264 100
1492087574 100
1492087885 100
1492088185 100
1492088495 99
1492088805 100
1492089116 100
1492089416 100
1492089726 100
1492090036 100
1492090337 99
1492090647 100
1492090957 100
1492091267 100
1492091568 100
1492091878 100
1492092188 100
1492092489 100
1492092799 100
1492093109 99
1492093420 100
1492093730 99
1492094040 100
1492094350 100
1492094651 100
1492094961 100
1492095271 99
1492095581 100
1492095882 99
1492096192 100
1492096502 100
1492096812 100
1492097113 100
1492097423 100
1492097733 100
1492098034 100
1492098344 100
1492098654 100
1492098964 100
1492099265 100
1492099575 100
1492099885 100
1492100196 100
1492100496 100
1492100806 100
1492101116 100
1492101417 99
1492101727 100
1492102037 100
1492102348 100
1492102648 100
1492102958 100
1492103268 100
1492103578 100
1492103879 100
1492104189 100
1492104499 100
1492104809 99
1492105110 100
1492105420 100
1492105730 100
1492106040 100
1492106341 100
1492106651 100
1492106961 100
1492107271 100
1492107572 100
1492107882 100
1492108192 100
1492108502 100
1492108803 100
1492109113 99
1492109423 100
1492109733 100
1492110034 98
1492110344 100
1492110654 100
1492110964 100
1492111265 100
1492111575 100
1492111885 100
1492112196 100
1492112496 100
1492112806 100
1492113116 100
1492113427 100
1492113727 100
1492114037 100
1492114347 100
1492114648 100
1492114958 100
1492115268 100
1492115578 100
1492115879 100
1492116189 100
1492116499 100
1492116809 100
1492117110 100
1492117420 100
1492117730 100
1492118031 100
1492118341 100
1492118651 100
1492118961 100
1492119262 100
1492119572 100
1492119882 100
1492120193 100
1492120493 99
1492120803 100
1492121113 100
1492121414 100
1492121724 100
1492122034 100
1492122344 100
1492122645 100
1492122955 99
1492123265 100
1492123575 100
1492123876 100
1492124186 97
1492124496 100
1492124806 100
1492125107 100
1492125417 100
1492125727 100
1492126037 100
1492126338 100
1492126648 100
1492126958 100
1492127259 100
1492127569 100
1492127879 100
1492128189 100
1492128500 100
1492128800 100
1492129110 100
1492129420 100
1492129730 100
1492130031 100
1492130341 100
1492130651 100
1492130961 100
1492131262 100
1492131572 100
1492131882 100
1492132183 100
1492132493 100
1492132803 100
1492133114 100
1492133414 100
1492133724 100
1492134034 100
1492134335 99
1492134645 100
1492134955 99
1492135265 100
1492135566 100
1492135876 100
1492136186 100
1492136497 100
1492136797 99
1492137107 100
1492137417 99
1492137718 100
1492138028 100
1492138338 97
1492138648 100
1492138949 100
1492139259 100
1492139569 100
1492139870 100
1492140180 99
1492140490 100
1492140800 100
1492141101 99
1492141411 100
1492141721 100
1492142032 100
1492142332 100
1492142642 100
1492142953 100
1492143253 100
1492143563 100
1492143873 100
1492144183 100
1492144494 100
1492144804 100
1492145114 100
1492145424 99
1492145725 100
1492146035 100
1492146345 100
1492146655 100
1492146966 100
1492147276 100
1492147586 100
1492147896 100
1492148197 100
1492148507 100
1492148817 99
1492149128 100
1492149428 100
1492149738 100
1492150048 100
1492150358 100
1492150659 100
1492150969 100
1492151279 99
1492151589 100
1492151890 100
1492152200 100
1492152510 100
1492152820 100
1492153131 100
1492153431 100
1492153741 100
1492154051 100
1492154352 100
1492154662 100
1492154972 100
1492155282 100
1492155583 100
1492155893 100
1492156203 100
1492156514 100
1492156814 100
1492157124 100
1492157434 100
1492157745 100
1492158045 100
1492158355 100
1492158665 100
1492158975 100
1492159276 100
1492159586 100
1492159896 99
1492160206 100
1492160507 100
1492160817 100
1492161127 99
1492161438 100
1492161738 100
1492162048 100
1492162358 100
1492162659 100
1492162969 99
1492163279 100
1492163590 99
1492163890 100
1492164200 100
1492164510 99
1492164820 100
1492165121 100
1492165431 98
1492165741 100
1492166051 100
1492166352 100
1492166662 100
1492166972 100
1492167282 100
1492167583 100
1492167893 100
1492168203 100
1492168514 100
1492168814 100
1492169124 100
1492169434 100
1492169735 100
1492170045 100
1492170355 100
1492170665 100
1492170976 100
1492171276 99
1492171586 100
1492171896 99
1492172197 100
1492172507 100
1492172817 100
1492173127 100
1492173428 100
1492173738 100
1492174048 100
1492174359 100
1492174659 100
1492174969 100
1492175279 100
1492175580 100
1492175890 100
1492176200 100
1492176510 100
1492176811 100
1492177121 100
1492177431 100
1492177741 100
1492178052 100
1492178352 100
1492178662 100
1492178972 99
1492179273 100
1492179583 100
1492179893 100
1492180203 100
1492180504 100
1492180814 100
1492181124 100
1492181434 100
1492181735 100
1492182045 100
1492182355 100
1492182665 100
1492182966 99
1492183276 100
1492183586 100
1492183896 100
1492184197 100
1492184507 100
1492184817 100
1492185127 100
1492185428 100
1492185738 100
1492186048 100
1492186349 100
1492186659 100
1492186969 100
1492187279 100
1492187580 100
1492187890 99
1492188200 100
1492188510 100
1492188811 100
1492189121 100
1492189431 100
1492189732 100
1492190042 100
1492190352 100
1492190662 100
1492190972 100
1492191273 100
1492191583 100
1492191893 100
1492192203 100
1492192504 100
1492192814 100
1492193124 100
1492193434 100
1492193735 99
1492194045 100
1492194355 100
1492194666 100
1492194966 100
1492195276 100
1492195586 100
1492195897 99
1492196197 100
1492196507 100
1492196817 99
1492197127 100
1492197428 100
1492197738 100
1492198048 100
1492198359 100
1492198659 100
1492198969 100
1492199279 100
1492199589 100
1492199890 100
1492200200 100
1492200510 100
1492200821 100
1492201121 100
1492201431 100
1492201741 100
1492202042 99
1492202352 100
1492202662 100
1492202972 100
1492203273 100
1492203583 100
1492203893 100
1492204203 99
1492204504 100
1492204814 100
1492205124 99
1492205425 99
1492205735 100
1492206045 100
1492206355 100
1492206656 100
1492206966 100
1492207276 100
1492207587 100
1492207887 100
1492208197 100
1492208507 100
1492208817 100
1492209118 100
1492209428 100
1492209738 100
1492210039 100
1492210349 100
1492210659 100
1492210969 98
1492211270 100
1492211580 100
1492211890 100
1492212201 100
1492212511 100
1492212821 100
1492213131 100
1492213432 100
1492213742 100
1492214052 99
1492214362 100
1492214663 100
1492214973 100
1492215283 99
1492215593 100
1492215894 100
1492216204 100
1492216514 100
1492216824 100
1492217125 100
1492217435 100
1492217745 100
1492218046 100
1492218356 100
1492218666 100
1492218977 100
1492219277 100
1492219587 100
1492219897 100
1492220208 100
1492220508 100
1492220818 100
1492221128 100
1492221429 99
1492221739 99
1492222049 100
1492222359 100
1492222660 100
1492222970 100
1492223280 100
1492223591 100
1492223891 100
1492224201 100
1492224511 100
1492224812 100
1492225122 100
1492225432 100
1492225742 100
1492226043 100
1492226353 100
1492226663 100
1492226974 100
1492227284 100
1492227594 100
1492227904 100
1492228214 100
1492228515 100
1492228825 99
1492229135 100
1492229436 100
1492229746 100
1492230056 100
1492230366 100
1492230667 100
1492230977 100
1492231287 100
1492231588 100
1492231898 100
1492232208 100
1492232518 100
1492232819 100
1492233129 100
1492233439 100
1492233750 100
1492234050 100
1492234360 100
1492234670 100
1492234971 100
1492235281 100
1492235591 100
1492235902 100
1492236202 100
1492236512 100
1492236822 100
1492237123 100
1492237433 100
1492237743 99
1492238053 100
1492238363 99
1492238664 100
1492238974 100
1492239284 100
1492239585 100
1492239895 100
1492240205 100
1492240516 100
1492240816 100
1492241126 100
1492241436 100
1492241747 99
1492242047 100
1492242357 100
1492242667 100
1492242978 100
1492243278 100
1492243588 100
1492243898 100
1492244199 100
1492244509 100
1492244819 100
1492245120 100
1492245430 100
1492245740 100
1492246051 100
1492246351 100
1492246661 100
1492246971 100
1492247272 100
1492247582 100
1492247892 100
1492248203 100
1492248503 100
1492248813 100
1492249123 100
1492249433 100
1492249734 100
1492250044 100
1492250354 100
1492250665 100
1492250965 100
1492251275 100
1492251585 100
1492251896 100
1492252206 99
1492252516 100
1492252826 100
1492253127 100
1492253437 100
1492253747 100
1492254057 100
1492254358 99
1492254668 100
1492254978 100
1492255279 99
1492255589 99
1492255899 100
1492256209 100
1492256520 99
1492256820 99
1492257130 100
1492257431 53
1492257741 100
1492258042 0
1492258344 100
1492258644 100
1492258954 100
1492259265 0
1492259565 100
1492259875 99
