1491738974 0
1491739284 0
1491739594 0
1491739905 0
1491740205 0
1491740515 0
1491740825 0
1491741126 0
1491741436 0
1491741746 0
1491742056 0
1491742366 0
1491742667 0
1491742977 0
1491743287 0
1491743597 0
1491743898 0
1491744208 1
1491744518 0
1491744828 1
1491745129 1
1491745439 0
1491745749 0
1491746060 0
1491746360 45
1491746670 1
1491746980 0
1491747281 0
1491747591 0
1491747901 0
1491748211 0
1491748512 1
1491748822 0
1491749132 1
1491749442 2
1491749743 0
1491750053 1
1491750364 0
1491750664 1
1491750974 0
1491751284 0
1491751585 0
1491751895 0
1491752205 0
1491752515 0
1491752816 0
1491753126 0
1491753436 0
1491753747 0
1491754047 0
1491754357 0
1491754667 0
1491754968 0
1491755278 0
1491755588 0
1491755898 0
1491756199 0
1491756509 0
1491756819 0
1491757129 0
1491757440 0
1491757740 0
1491758050 0
1491758360 0
1491758661 0
1491758971 0
1491759281 0
1491759592 0
1491759892 0
1491760202 0
1491760512 0
1491760822 0
1491761123 0
1491761433 0
1491761743 0
1491762053 0
1491762354 0
1491762664 0
1491762974 0
1491763285 0
1491763585 0
1491763895 0
1491764205 0
1491764506 0
1491764816 0
1491765126 0
1491765436 0
1491765737 0
1491766047 0
1491766357 0
1491766667 0
1491766977 0
1491767278 0
1491767588 0
1491767898 0
1491768208 0
1491768518 0
1491768819 0
1491769129 0
1491769439 0
1491769749 0
1491770050 1
1491770360 0
1491770670 0
1491770980 0
1491771291 0
1491771591 0
1491771901 0
1491772211 0
1491772522 0
1491772822 0
1491773132 0
1491773442 0
1491773753 0
1491774053 0
1491774363 0
1491774673 0
1491774984 0
1491775284 0
1491775594 0
1491775904 0
1491776215 1
1491776515 1
1491776825 0
1491777135 0
1491777446 0
1491777746 0
1491778056 0
1491778366 0
1491778677 0
1491778977 0
1491779287 0
1491779597 0
1491779907 0
1491780208 0
1491780518 0
1491780828 0
1491781138 0
1491781439 0
1491781749 0
1491782059 0
1491782369 0
1491782670 0
1491782980 0
1491783290 0
1491783600 0
1491783911 0
1491784211 0
1491784521 0
1491784831 0
1491785132 1
1491785442 0
1491785752 0
1491786062 0
1491786363 0
1491786673 0
1491786983 0
1491787293 0
1491787594 0
1491787904 2
1491788214 1
1491788524 0
1491788825 0
1491789135 0
1491789445 0
1491789756 0
1491790056 0
1491790366 0
1491790676 0
1491790977 0
1491791287 0
1491791597 0
1491791907 0
1491792208 1
1491792518 0
1491792828 0
1491793129 0
1491793439 1
1491793749 0
1491794059 0
1491794360 0
1491794670 0
1491794980 1
1491795290 0
1491795591 0
1491795901 0
1491796211 2
1491796512 0
1491796822 0
1491797132 0
1491797443 0
1491797743 1
1491798053 0
1491798363 0
1491798674 0
1491798974 0
1491799284 1
1491799594 0
1491799905 0
1491800205 0
1491800515 0
1491800825 0
1491801126 0
1491801436 0
1491801746 0
1491802056 0
1491802357 1
1491802667 0
1491802977 0
1491803278 0
1491803588 0
1491803898 0
1491804208 0
1491804519 0
1491804819 0
1491805129 0
1491805439 0
1491805749 0
1491806050 0
1491806360 0
1491806670 0
1491806981 2
1491807281 0
1491807591 0
1491807901 1
1491808202 0
1491808512 0
1491808822 0
1491809133 0
1491809433 0
1491809743 0
1491810053 0
1491810354 0
1491810664 0
1491810974 1
1491811284 0
1491811595 0
1491811895 0
1491812205 1
1491812515 0
1491812816 0
1491813126 0
1491813436 0
1491813737 0
1491814047 0
1491814357 0
1491814667 0
1491814968 0
1491815278 0
1491815588 0
1491815898 0
1491816199 0
1491816509 0
1491816819 0
1491817129 0
1491817430 0
1491817740 0
1491818050 0
1491818360 1
1491818661 1
1491818971 0
1491819281 0
1491819582 1
1491819892 0
1491820202 0
1491820512 0
1491820822 0
1491821133 0
1491821433 0
1491821743 0
1491822053 0
1491822354 0
1491822664 0
1491822974 1
1491823275 0
1491823585 0
1491823895 0
1491824206 1
1491824506 0
1491824816 0
1491825126 0
1491825427 0
1491825737 0
1491826047 0
1491826357 0
1491826658 0
1491826968 0
1491827278 0
1491827588 0
1491827889 0
1491828199 0
1491828509 0
1491828819 0
1491829120 0
1491829430 0
1491829740 0
1491830050 0
1491830351 0
1491830661 0
1491830971 0
1491831281 0
1491831582 0
1491831892 0
1491832202 0
1491832512 0
1491832822 0
1491833123 0
1491833433 0
1491833743 1
1491834053 1
1491834354 0
1491834664 0
1491834974 0
1491835284 0
1491835585 0
1491835895 0
1491836205 0
1491836515 0
1491836826 0
1491837126 0
1491837436 0
1491837746 1
1491838057 0
1491838357 0
1491838667 0
1491838977 0
1491839287 0
1491839588 0
1491839898 0
1491840208 0
1491840518 0
1491840819 0
1491841129 0
1491841439 0
1491841740 0
1491842050 1
1491842360 0
1491842670 0
1491842971 2
1491843281 0
1491843591 0
1491843902 0
1491844212 0
1491844522 0
1491844832 0
1491845133 0
1491845443 0
1491845753 0
1491846063 0
1491846364 0
1491846674 0
1491846984 0
1491847295 0
1491847605 0
1491847915 0
1491848225 0
1491848526 0
1491848836 0
1491849146 0
1491849456 0
1491849757 0
1491850067 0
1491850377 0
1491850678 0
1491850988 0
1491851298 0
1491851599 0
1491851909 0
1491852219 0
1491852529 0
1491852830 0
1491853140 0
1491853450 0
1491853760 0
1491854061 0
1491854371 0
1491854681 0
1491854982 0
1491855292 0
1491855602 0
1491855912 0
1491856213 0
1491856523 0
1491856833 0
1491857134 0
1491857444 0
1491857754 0
1491858064 0
1491858365 0
1491858675 0
1491858985 1
1491859295 0
1491859596 0
1491859906 0
1491860216 0
1491860526 0
1491860837 0
1491861137 0
1491861447 0
1491861757 0
1491862067 0
1491862368 0
1491862678 0
1491862988 0
1491863289 0
1491863599 0
1491863909 0
1491864219 0
1491864520 0
1491864830 0
1491865140 0
1491865450 0
1491865751 1
1491866061 0
1491866371 0
1491866682 0
1491866992 1
1491867302 0
1491867612 0
1491867913 0
1491868223 0
1491868533 0
1491868844 0
1491869144 0
1491869454 0
1491869764 0
1491870065 0
1491870375 0
1491870685 0
1491870995 0
1491871296 0
1491871606 0
1491871916 0
1491872226 0
1491872527 0
1491872837 0
1491873147 0
1491873448 1
1491873758 0
1491874068 0
1491874378 0
1491874679 0
1491874989 0
1491875299 0
1491875609 0
1491875910 0
1491876220 0
1491876530 1
1491876840 0
1491877141 0
1491877451 0
1491877761 0
1491878062 0
1491878372 0
1491878682 0
1491878992 0
1491879293 0
1491879603 0
1491879913 0
1491880224 1
1491880524 1
1491880834 0
1491881144 0
1491881445 0
1491881755 0
1491882065 0
1491882376 0
1491882676 0
1491882986 0
1491883296 0
1491883606 0
1491883907 0
1491884217 0
1491884527 0
1491884837 0
1491885138 0
1491885448 0
1491885758 0
1491886069 0
1491886369 91
1491886679 0
1491886989 0
1491887290 0
1491887600 0
1491887910 0
1491888220 0
1491888531 0
1491888831 0
1491889141 0
1491889451 0
1491889762 0
1491890062 0
1491890372 1
1491890682 0
1491890983 0
1491891293 0
1491891603 0
1491891913 0
1491892214 0
1491892524 0
1491892834 0
1491893144 0
1491893445 0
1491893755 0
1491894065 0
1491894376 0
1491894676 0
1491894986 0
1491895297 0
1491895597 0
1491895907 0
1491896217 0
1491896528 0
1491896828 0
1491897138 0
1491897448 0
1491897749 0
1491898059 0
1491898369 1
1491898679 0
1491898980 0
1491899290 0
1491899600 0
1491899911 0
1491900211 0
1491900521 0
1491900831 0
1491901142 0
1491901442 0
1491901752 0
1491902062 0
1491902363 0
1491902673 0
1491902983 0
1491903294 1
1491903594 0
1491903904 1
1491904214 0
1491904525 0
1491904825 0
1491905135 0
1491905445 0
1491905755 0
1491906056 0
1491906366 0
1491906676 0
1491906987 0
1491907297 0
1491907607 0
1491907917 0
1491908218 0
1491908528 3
1491908838 0
1491909148 0
1491909449 0
1491909759 0
1491910069 0
1491910380 0
1491910680 0
1491910990 0
1491911300 0
1491911601 0
1491911911 0
1491912221 0
1491912531 0
1491912832 0
1491913142 0
1491913452 0
1491913763 0
1491914063 0
1491914373 0
1491914683 0
1491914984 0
1491915294 0
1491915604 0
1491915914 0
1491916215 0
1491916525 1
1491916835 0
1491917146 0
1491917456 0
1491917766 0
1491918076 0
1491918377 0
1491918687 0
1491918997 0
1491919308 0
1491919608 0
1491919918 0
1491920228 0
1491920538 0
1491920839 0
1491921149 0
1491921459 0
1491921760 0
1491922070 0
1491922380 0
1491922690 0
1491922991 0
1491923301 0
1491923611 0
1491923921 0
1491924222 0
1491924532 0
1491924842 0
1491925153 0
1491925453 0
1491925763 0
1491926073 0
1491926374 0
1491926684 0
1491926994 0
1491927305 0
1491927605 0
1491927915 0
1491928225 0
1491928526 0
1491928836 0
1491929146 0
1491929457 0
1491929757 0
1491930067 0
1491930377 0
1491930688 0
1491930988 0
1491931298 0
1491931608 0
1491931918 0
1491932219 0
1491932529 0
1491932839 0
1491933140 0
1491933450 0
1491933760 0
1491934070 0
1491934371 0
1491934681 0
1491934991 0
1491935301 0
1491935602 0
1491935912 0
1491936222 0
1491936523 0
1491936833 0
1491937143 0
1491937453 0
1491937754 0
1491938064 0
1491938374 0
1491938684 0
1491938985 2
1491939295 0
1491939605 0
1491939915 0
1491940216 0
1491940526 0
1491940836 0
1491941146 0
1491941447 0
1491941757 0
1491942067 0
1491942368 0
1491942678 0
1491942988 0
1491943298 0
1491943599 0
1491943909 0
1491944219 0
1491944530 0
1491944830 0
1491945140 0
1491945450 0
1491945751 0
1491946061 0
1491946371 0
1491946681 0
1491946982 0
1491947292 0
1491947602 0
1491947913 0
1491948213 0
1491948523 0
1491948833 0
1491949134 0
1491949444 0
1491949754 0
1491950064 0
1491950375 0
1491950685 0
1491950995 0
1491951305 0
1491951606 0
1491951916 0
1491952226 0
1491952536 0
1491952837 0
1491953147 1
1491953457 2
1491953768 0
1491954068 0
1491954378 0
1491954688 0
1491954989 0
1491955299 0
1491955609 0
1491955919 0
1491956220 1
1491956530 0
1491956840 1
1491957141 0
1491957451 2
1491957761 0
1491958071 0
1491958372 0
1491958682 0
1491958992 0
1491959302 0
1491959603 1
1491959913 0
1491960223 0
1491960524 0
1491960834 0
1491961144 0
1491961454 0
1491961755 0
1491962065 0
1491962375 0
1491962685 0
1491962986 0
1491963296 0
1491963606 0
1491963916 0
1491964217 0
1491964527 0
1491964837 0
1491965148 0
1491965448 0
1491965758 0
1491966068 0
1491966379 0
1491966679 0
1491966989 0
1491967299 1
1491967610 0
1491967910 1
1491968220 0
1491968530 0
1491968840 0
1491969141 0
1491969451 0
1491969761 0
1491970071 0
1491970372 1
1491970682 0
1491970992 0
1491971303 0
1491971603 0
1491971913 0
1491972223 0
1491972533 0
1491972834 0
1491973144 0
1491973454 0
1491973764 1
1491974065 0
1491974375 0
1491974685 0
1491974995 0
1491975296 1
1491975606 0
1491975916 0
1491976227 0
1491976527 0
1491976837 0
1491977147 0
1491977448 1
1491977758 0
1491978068 1
1491978369 0
1491978679 0
1491978989 0
1491979299 0
1491979610 0
1491979910 0
1491980220 1
1491980530 0
1491980831 0
1491981141 0
1491981451 0
1491981761 0
1491982062 0
1491982372 0
1491982682 0
1491982983 0
1491983293 0
1491983603 0
1491983913 0
1491984224 0
1491984524 0
1491984834 1
1491985144 0
1491985445 0
1491985755 0
1491986065 0
1491986376 0
1491986676 0
1491986986 0
1491987296 1
1491987607 0
1491987917 0
1491988227 0
1491988538 0
1491988838 0
1491989148 0
1491989458 0
1491989759 0
1491990069 0
1491990379 0
1491990689 0
1491990990 0
1491991300 1
1491991610 0
1491991920 0
1491992221 1
1491992531 0
1491992841 0
1491993142 0
1491993452 0
1491993762 0
1491994073 0
1491994373 0
1491994683 0
1491994993 0
1491995303 0
1491995604 0
1491995914 0
1491996224 0
1491996534 0
1491996835 0
1491997145 0
1491997455 0
1491997756 0
1491998066 0
1491998376 0
1491998686 0
1491998987 0
1491999297 0
1491999607 0
1491999917 0
1492000218 0
1492000528 0
1492000838 0
1492001139 0
1492001449 0
1492001759 0
1492002069 1
1492002370 0
1492002680 0
1492002990 0
1492003301 0
1492003601 0
1492003911 0
1492004221 2
1492004522 0
1492004832 0
1492005142 0
1492005452 0
1492005753 0
1492006063 0
1492006373 0
1492006684 0
1492006984 0
1492007294 0
1492007604 0
1492007914 0
1492008215 0
1492008525 0
1492008835 0
1492009146 0
1492009446 0
1492009756 0
1492010066 2
1492010377 0
1492010677 0
1492010987 0
1492011297 0
1492011598 0
1492011908 1
1492012218 0
1492012528 0
1492012829 0
1492013139 0
1492013449 0
1492013750 1
1492014060 0
1492014370 0
1492014680 0
1492014981 0
1492015291 0
1492015601 0
1492015911 0
1492016222 0
1492016522 0
1492016832 0
1492017142 0
1492017443 0
1492017753 0
1492018063 0
1492018374 0
1492018674 0
1492018984 0
1492019294 0
1492019595 0
1492019905 0
1492020215 0
1492020525 0
1492020826 0
1492021136 0
1492021446 0
1492021756 0
1492022057 0
1492022367 0
1492022677 0
1492022988 0
1492023288 0
1492023598 0
1492023908 0
1492024209 0
1492024519 0
1492024829 0
1492025139 0
1492025440 0
1492025750 0
1492026060 0
1492026371 0
1492026671 0
1492026981 0
1492027291 0
1492027602 0
1492027902 0
1492028212 0
1492028522 0
1492028823 0
1492029133 0
1492029443 0
1492029754 0
1492030054 0
1492030364 0
1492030674 0
1492030985 1
1492031285 0
1492031595 0
1492031905 0
1492032206 0
1492032516 0
1492032826 0
1492033127 0
1492033437 1
1492033747 0
1492034057 0
1492034367 0
1492034668 0
1492034978 0
1492035288 0
1492035589 0
1492035899 0
1492036209 0
1492036510 0
1492036820 0
1492037130 0
1492037440 0
1492037741 0
1492038051 0
1492038361 0
1492038671 0
1492038972 0
1492039282 0
1492039592 0
1492039902 0
1492040203 0
1492040513 0
1492040823 0
1492041134 1
1492041434 0
1492041744 0
1492042054 0
1492042364 0
1492042665 0
1492042975 1
1492043285 0
1492043596 0
1492043896 0
1492044206 0
1492044516 0
1492044817 0
1492045127 0
1492045437 0
1492045747 0
1492046048 0
1492046358 0
1492046668 0
1492046978 0
1492047279 0
1492047589 1
1492047899 0
1492048200 0
1492048510 1
1492048820 0
1492049130 0
1492049431 0
1492049741 1
1492050051 0
1492050361 0
1492050662 1
1492050972 0
1492051282 0
1492051593 0
1492051893 0
1492052203 0
1492052513 0
1492052814 0
1492053124 0
1492053434 0
1492053735 0
1492054045 0
1492054355 0
1492054666 0
1492054966 0
1492055276 0
1492055586 2
1492055887 0
1492056197 0
1492056507 1
1492056817 0
1492057128 0
1492057428 0
1492057738 0
1492058048 0
1492058349 0
1492058659 0
1492058969 0
1492059270 0
1492059580 0
1492059890 0
1492060201 0
1492060501 0
1492060811 0
1492061121 0
1492061431 0
1492061732 0
1492062042 0
1492062352 0
1492062663 1
1492062963 0
1492063273 0
1492063583 0
1492063893 0
1492064194 0
1492064504 0
1492064814 0
1492065125 0
1492065425 0
1492065735 0
1492066045 0
1492066346 0
1492066656 0
1492066966 0
1492067276 0
1492067577 0
1492067887 0
1492068197 0
1492068507 0
1492068808 0
1492069118 0
1492069428 0
1492069739 0
1492070039 0
1492070349 0
1492070659 0
1492070960 0
1492071270 0
1492071580 0
1492071881 0
1492072191 0
1492072501 0
1492072811 0
1492073122 0
1492073422 0
1492073732 0
1492074042 0
1492074343 0
1492074653 0
1492074963 0
1492075274 1
1492075574 0
1492075884 0
1492076194 0
1492076495 0
1492076805 0
1492077115 0
1492077426 1
1492077726 1
1492078036 0
1492078346 0
1492078657 0
1492078957 0
1492079267 0
1492079577 0
1492079878 0
1492080188 0
1492080498 0
1492080808 0
1492081109 0
1492081419 0
1492081729 0
1492082039 0
1492082349 0
1492082650 0
1492082960 0
1492083270 0
1492083571 0
1492083881 0
1492084191 0
1492084501 0
1492084802 0
1492085112 0
1492085422 0
1492085732 0
1492086033 0
1492086343 0
1492086653 1
1492086954 0
1492087264 0
1492087574 0
1492087885 0
1492088185 0
1492088495 0
1492088805 0
1492089116 0
1492089416 0
1492089726 0
1492090036 0
1492090337 1
1492090647 0
1492090957 0
1492091267 0
1492091568 0
1492091878 0
1492092188 0
1492092489 0
1492092799 0
1492093109 0
1492093420 0
1492093730 1
1492094040 0
1492094350 0
1492094651 0
1492094961 0
1492095271 0
1492095581 0
1492095882 0
1492096192 0
1492096502 0
1492096812 0
1492097113 0
1492097423 0
1492097733 0
1492098034 0
1492098344 0
1492098654 0
1492098964 0
1492099265 0
1492099575 0
1492099885 0
1492100196 0
1492100496 0
1492100806 0
1492101116 0
1492101417 0
1492101727 0
1492102037 0
1492102348 0
1492102648 0
1492102958 0
1492103268 0
1492103578 0
1492103879 0
1492104189 0
1492104499 0
1492104809 1
1492105110 0
1492105420 0
1492105730 0
1492106040 0
1492106341 0
1492106651 0
1492106961 0
1492107271 0
1492107572 0
1492107882 0
1492108192 0
1492108502 0
1492108803 0
1492109113 1
1492109423 0
1492109733 0
1492110034 2
1492110344 0
1492110654 0
1492110964 0
1492111265 0
1492111575 0
1492111885 0
1492112196 0
1492112496 0
1492112806 0
1492113116 0
1492113427 0
1492113727 0
1492114037 0
1492114347 0
1492114648 0
1492114958 0
1492115268 0
1492115578 0
1492115879 0
1492116189 0
1492116499 0
1492116809 0
1492117110 0
1492117420 0
1492117730 0
1492118031 0
1492118341 0
1492118651 0
1492118961 0
1492119262 0
1492119572 0
1492119882 0
1492120193 0
1492120493 1
1492120803 0
1492121113 0
1492121414 0
1492121724 0
1492122034 0
1492122344 0
1492122645 0
1492122955 1
1492123265 0
1492123575 0
1492123876 0
1492124186 3
1492124496 0
1492124806 0
1492125107 0
1492125417 0
1492125727 0
1492126037 0
1492126338 0
1492126648 0
1492126958 0
1492127259 0
1492127569 0
1492127879 0
1492128189 0
1492128500 0
1492128800 0
1492129110 0
1492129420 0
1492129730 0
1492130031 0
1492130341 0
1492130651 0
1492130961 0
1492131262 0
1492131572 0
1492131882 0
1492132183 0
1492132493 0
1492132803 0
1492133114 0
1492133414 0
1492133724 0
1492134034 0
1492134335 0
1492134645 0
1492134955 1
1492135265 0
1492135566 0
1492135876 0
1492136186 0
1492136497 0
1492136797 1
1492137107 0
1492137417 1
1492137718 0
1492138028 0
1492138338 3
1492138648 0
1492138949 0
1492139259 0
1492139569 0
1492139870 0
1492140180 1
1492140490 0
1492140800 0
1492141101 1
1492141411 0
1492141721 0
1492142032 0
1492142332 0
1492142642 0
1492142953 0
1492143253 0
1492143563 0
1492143873 0
1492144183 0
1492144494 0
1492144804 0
1492145114 0
1492145424 0
1492145725 0
1492146035 0
1492146345 0
1492146655 0
1492146966 0
1492147276 0
1492147586 0
1492147896 0
1492148197 0
1492148507 0
1492148817 1
1492149128 0
1492149428 0
1492149738 0
1492150048 0
1492150358 0
1492150659 0
1492150969 0
1492151279 1
1492151589 0
1492151890 0
1492152200 0
1492152510 0
1492152820 0
1492153131 0
1492153431 0
1492153741 0
1492154051 0
1492154352 0
1492154662 0
1492154972 0
1492155282 0
1492155583 0
1492155893 0
1492156203 0
1492156514 0
1492156814 0
1492157124 0
1492157434 0
1492157745 0
1492158045 0
1492158355 0
1492158665 0
1492158975 0
1492159276 0
1492159586 0
1492159896 1
1492160206 0
1492160507 0
1492160817 0
1492161127 1
1492161438 0
1492161738 0
1492162048 0
1492162358 0
1492162659 0
1492162969 0
1492163279 0
1492163590 0
1492163890 0
1492164200 0
1492164510 1
1492164820 0
1492165121 0
1492165431 1
1492165741 0
1492166051 0
1492166352 0
1492166662 0
1492166972 0
1492167282 0
1492167583 0
1492167893 0
1492168203 0
1492168514 0
1492168814 0
1492169124 0
1492169434 0
1492169735 0
1492170045 0
1492170355 0
1492170665 0
1492170976 0
1492171276 1
1492171586 0
1492171896 1
1492172197 0
1492172507 0
1492172817 0
1492173127 0
1492173428 0
1492173738 0
1492174048 0
1492174359 0
1492174659 0
1492174969 0
1492175279 0
1492175580 0
1492175890 0
1492176200 0
1492176510 0
1492176811 0
1492177121 0
1492177431 0
1492177741 0
1492178052 0
1492178352 0
1492178662 0
1492178972 1
1492179273 0
1492179583 0
1492179893 0
1492180203 0
1492180504 0
1492180814 0
1492181124 0
1492181434 0
1492181735 0
1492182045 0
1492182355 0
1492182665 0
1492182966 0
1492183276 0
1492183586 0
1492183896 0
1492184197 0
1492184507 0
1492184817 0
1492185127 0
1492185428 0
1492185738 0
1492186048 0
1492186349 0
1492186659 0
1492186969 0
1492187279 0
1492187580 0
1492187890 1
1492188200 0
1492188510 0
1492188811 0
1492189121 0
1492189431 0
1492189732 0
1492190042 0
1492190352 0
1492190662 0
1492190972 0
1492191273 0
1492191583 0
1492191893 0
1492192203 0
1492192504 0
1492192814 0
1492193124 0
1492193434 0
1492193735 0
1492194045 0
1492194355 0
1492194666 0
1492194966 0
1492195276 0
1492195586 0
1492195897 0
1492196197 0
1492196507 0
1492196817 1
1492197127 0
1492197428 0
1492197738 0
1492198048 0
1492198359 0
1492198659 0
1492198969 0
1492199279 0
1492199589 0
1492199890 0
1492200200 0
1492200510 0
1492200821 0
1492201121 0
1492201431 0
1492201741 0
1492202042 0
1492202352 0
1492202662 0
1492202972 0
1492203273 0
1492203583 0
1492203893 0
1492204203 0
1492204504 0
1492204814 0
1492205124 0
1492205425 0
1492205735 0
1492206045 0
1492206355 0
1492206656 0
1492206966 0
1492207276 0
1492207587 0
1492207887 0
1492208197 0
1492208507 0
1492208817 0
1492209118 0
1492209428 0
1492209738 0
1492210039 0
1492210349 0
1492210659 0
1492210969 1
1492211270 0
1492211580 0
1492211890 0
1492212201 0
1492212511 0
1492212821 0
1492213131 0
1492213432 0
1492213742 0
1492214052 1
1492214362 0
1492214663 0
1492214973 0
1492215283 0
1492215593 0
1492215894 0
1492216204 0
1492216514 0
1492216824 0
1492217125 0
1492217435 0
1492217745 0
1492218046 0
1492218356 0
1492218666 0
1492218977 0
1492219277 0
1492219587 0
1492219897 0
1492220208 0
1492220508 0
1492220818 0
1492221128 0
1492221429 1
1492221739 1
1492222049 0
1492222359 0
1492222660 0
1492222970 0
1492223280 0
1492223591 0
1492223891 0
1492224201 0
1492224511 0
1492224812 0
1492225122 0
1492225432 0
1492225742 0
1492226043 0
1492226353 0
1492226663 0
1492226974 0
1492227284 0
1492227594 0
1492227904 0
1492228214 0
1492228515 0
1492228825 1
1492229135 0
1492229436 0
1492229746 0
1492230056 0
1492230366 0
1492230667 0
1492230977 0
1492231287 0
1492231588 0
1492231898 0
1492232208 0
1492232518 0
1492232819 0
1492233129 0
1492233439 0
1492233750 0
1492234050 0
1492234360 0
1492234670 0
1492234971 0
1492235281 0
1492235591 0
1492235902 0
1492236202 0
1492236512 0
1492236822 0
1492237123 0
1492237433 0
1492237743 1
1492238053 0
1492238363 0
1492238664 0
1492238974 0
1492239284 0
1492239585 0
1492239895 0
1492240205 0
1492240516 0
1492240816 0
1492241126 0
1492241436 0
1492241747 0
1492242047 0
1492242357 0
1492242667 0
1492242978 0
1492243278 0
1492243588 0
1492243898 0
1492244199 0
1492244509 0
1492244819 0
1492245120 0
1492245430 0
1492245740 0
1492246051 0
1492246351 0
1492246661 0
1492246971 0
1492247272 0
1492247582 0
1492247892 0
1492248203 0
1492248503 0
1492248813 0
1492249123 0
1492249433 0
1492249734 0
1492250044 0
1492250354 0
1492250665 0
1492250965 0
1492251275 0
1492251585 0
1492251896 0
1492252206 1
1492252516 0
1492252826 0
1492253127 0
1492253437 0
1492253747 0
1492254057 0
1492254358 0
1492254668 0
1492254978 0
1492255279 1
1492255589 1
1492255899 0
1492256209 0
1492256520 0
1492256820 1
1492257130 0
1492257431 17
1492257741 0
1492258042 1
1492258344 0
1492258644 0
1492258954 0
1492259265 0
1492259565 0
1492259875 0
