1491738974 11339128832
1491739284 11548708864
1491739594 11548991488
1491739905 11549212672
1491740205 11549306880
1491740515 11565879296
1491740825 11570106368
1491741126 11572711424
1491741436 11572850688
1491741746 11572932608
1491742056 11573383168
1491742366 11573960704
1491742667 11574128640
1491742977 11574345728
1491743287 11574554624
1491743597 11574702080
1491743898 11574796288
1491744208 11575025664
1491744518 11575291904
1491744828 11575570432
1491745129 11575812096
1491745439 11576213504
1491745749 11582664704
1491746060 11588222976
1491746360 11612667904
1491746670 11608879104
1491746980 11608997888
1491747281 11609178112
1491747591 11609300992
1491747901 11609423872
1491748211 11609534464
1491748512 11609722880
1491748822 11609837568
1491749132 11609960448
1491749442 11610079232
1491749743 11611529216
1491750053 11611652096
1491750364 11621793792
1491750664 11627089920
1491750974 11629453312
1491751284 11629527040
1491751585 11629617152
1491751895 11629817856
1491752205 11629940736
1491752515 11630055424
1491752816 11630174208
1491753126 11630358528
1491753436 11630477312
1491753747 11630657536
1491754047 11630776320
1491754357 11630891008
1491754667 11631013888
1491754968 11631165440
1491755278 11631239168
1491755588 11631312896
1491755898 11631390720
1491756199 11631529984
1491756509 11631603712
1491756819 11631685632
1491757129 11631824896
1491757440 11631898624
1491757740 11631976448
1491758050 11632054272
1491758360 11632205824
1491758661 11632279552
1491758971 11632357376
1491759281 11632427008
1491759592 11632607232
1491759892 11632746496
1491760202 11632828416
1491760512 11632975872
1491760822 11633045504
1491761123 11633389568
1491761433 11633532928
1491761743 11633606656
1491762053 11633688576
1491762354 11633762304
1491762664 11633901568
1491762974 11633979392
1491763285 11634049024
1491763585 11634126848
1491763895 11634323456
1491764205 11634397184
1491764506 11634479104
1491764816 11634552832
1491765126 11634749440
1491765436 11634827264
1491765737 11634896896
1491766047 11634974720
1491766357 11635113984
1491766667 11635191808
1491766977 11635269632
1491767278 11635339264
1491767588 11635486720
1491767898 11635560448
1491768208 11635699712
1491768518 11635785728
1491768819 11635855360
1491769129 11635933184
1491769439 11636080640
1491769749 11636150272
1491770050 11636228096
1491770360 11636301824
1491770670 11636441088
1491770980 11636518912
1491771291 11636592640
1491771591 11636736000
1491771901 11636809728
1491772211 11636891648
1491772522 11636973568
1491772822 11637133312
1491773132 11637227520
1491773442 11637329920
1491773753 11637415936
1491774053 11637579776
1491774363 11637673984
1491774673 11637776384
1491774984 11637940224
1491775284 11638034432
1491775594 11638136832
1491775904 11638296576
1491776215 11638398976
1491776515 11638497280
1491776825 11638579200
1491777135 11638743040
1491777446 11638833152
1491777746 11638915072
1491778056 11639005184
1491778366 11639156736
1491778677 11639246848
1491778977 11639336960
1491779287 11639484416
1491779597 11639574528
1491779907 11639664640
1491780208 11639754752
1491780518 11639910400
1491780828 11639992320
1491781138 11640082432
1491781439 11640176640
1491781749 11640324096
1491782059 11640418304
1491782369 11640565760
1491782670 11640655872
1491782980 11641008128
1491783290 11641102336
1491783600 11641192448
1491783911 11641282560
1491784211 11641430016
1491784521 11641520128
1491784831 11641602048
1491785132 11641692160
1491785442 11641851904
1491785752 11641942016
1491786062 11642032128
1491786363 11642183680
1491786673 11642277888
1491786983 11642380288
1491787293 11642466304
1491787594 11642630144
1491787904 11642732544
1491788214 11642822656
1491788524 11642900480
1491788825 11643035648
1491789135 11643117568
1491789445 11643260928
1491789756 11643330560
1491790056 11643408384
1491790366 11643486208
1491790676 11643625472
1491790977 11643715584
1491791287 11643801600
1491791597 11643883520
1491791907 11644039168
1491792208 11644125184
1491792518 11644239872
1491792828 11644411904
1491793129 11644489728
1491793439 11644608512
1491793749 11644719104
1491794059 11644895232
1491794360 11644973056
1491794670 11645050880
1491794980 11645235200
1491795290 11645345792
1491795591 11645456384
1491795901 11645599744
1491796211 11645816832
1491796512 11645939712
1491796822 11646078976
1491797132 11646185472
1491797443 11646263296
1491797743 11646332928
1491798053 11646480384
1491798363 11646558208
1491798674 11646627840
1491798974 11646705664
1491799284 11642548224
1491799594 11642634240
1491799905 11642777600
1491800205 11642855424
1491800515 11642933248
1491800825 11643068416
1491801126 11643146240
1491801436 11643219968
1491801746 11643293696
1491802056 11643437056
1491802357 11643510784
1491802667 11643584512
1491802977 11643662336
1491803278 11643797504
1491803588 11643879424
1491803898 11644018688
1491804208 11644092416
1491804519 11644178432
1491804819 11658121216
1491805129 11658194944
1491805439 11658338304
1491805749 11658407936
1491806050 11658485760
1491806360 11658559488
1491806670 11658698752
1491806981 11658776576
1491807281 11658915840
1491807591 11658993664
1491807901 11659067392
1491808202 11659141120
1491808512 11659284480
1491808822 11659358208
1491809133 11659431936
1491809433 11659509760
1491809743 11659644928
1491810053 11659722752
1491810354 11659796480
1491810664 11659870208
1491810974 11660017664
1491811284 11660091392
1491811595 11660165120
1491811895 11660312576
1491812205 11660382208
1491812515 11660460032
1491812816 11660599296
1491813126 11660673024
1491813436 11660754944
1491813737 11660824576
1491814047 11660967936
1491814357 11661049856
1491814667 11661185024
1491814968 11661262848
1491815278 11661336576
1491815588 11661320192
1491815898 11661463552
1491816199 11661533184
1491816509 11661611008
1491816819 11661688832
1491817129 11661824000
1491817430 11661901824
1491817740 11661971456
1491818050 11662131200
1491818360 11662258176
1491818661 11662331904
1491818971 11662475264
1491819281 11662553088
1491819582 11662622720
1491819892 11662700544
1491820202 11662835712
1491820512 11662913536
1491820822 11662991360
1491821133 11663060992
1491821433 11663204352
1491821743 11663282176
1491822053 11663421440
1491822354 11663499264
1491822664 11663568896
1491822974 11663646720
1491823275 11663790080
1491823585 11663859712
1491823895 11663937536
1491824206 11664076800
1491824506 11664154624
1491824816 11664232448
1491825126 11664515072
1491825427 11664728064
1491825737 11665068032
1491826047 11665137664
1491826357 11665215488
1491826658 11665813504
1491826968 11665960960
1491827278 11666038784
1491827588 11666108416
1491827889 11666186240
1491828199 11666329600
1491828509 11666399232
1491828819 11666546688
1491829120 11666620416
1491829430 11666702336
1491829740 11666853888
1491830050 11666923520
1491830351 11667001344
1491830661 11667070976
1491830971 11667214336
1491831281 11667292160
1491831582 11667361792
1491831892 11667443712
1491832202 11667587072
1491832512 11667660800
1491832822 11667804160
1491833123 11667873792
1491833433 11667951616
1491833743 11668029440
1491834053 11668164608
1491834354 11668242432
1491834664 11668320256
1491834974 11668389888
1491835284 11668533248
1491835585 11668606976
1491835895 11668754432
1491836205 11668856832
1491836515 11669041152
1491836826 11669118976
1491837126 11669188608
1491837436 11669266432
1491837746 11669409792
1491838057 11669479424
1491838357 11669598208
1491838667 11669700608
1491838977 11669835776
1491839287 11669913600
1491839588 11670052864
1491839898 11670130688
1491840208 11670208512
1491840518 11670278144
1491840819 11670421504
1491841129 11670495232
1491841439 11670573056
1491841740 11670650880
1491842050 11670786048
1491842360 11670867968
1491842670 11670945792
1491842971 11671019520
1491843281 11671175168
1491843591 11671257088
1491843902 11671339008
1491844212 11671490560
1491844522 11671564288
1491844832 11671654400
1491845133 11671736320
1491845443 11671883776
1491845753 11671973888
1491846063 11672047616
1491846364 11672133632
1491846674 11672285184
1491846984 11672367104
1491847295 11672518656
1491847605 11672592384
1491847915 11672674304
1491848225 11672760320
1491848526 11673092096
1491848836 11673239552
1491849146 11673317376
1491849456 11673387008
1491849757 11673534464
1491850067 11673612288
1491850377 11673755648
1491850678 11673833472
1491850988 11673903104
1491851298 11673980928
1491851599 11674124288
1491851909 11674202112
1491852219 11674279936
1491852529 11674353664
1491852830 11674492928
1491853140 11674570752
1491853450 11674648576
1491853760 11674734592
1491854061 11674877952
1491854371 11674955776
1491854681 11675033600
1491854982 11675168768
1491855292 11675250688
1491855602 11675328512
1491855912 11675398144
1491856213 11675541504
1491856523 11675619328
1491856833 11675697152
1491857134 11675774976
1491857444 11675918336
1491857754 11676000256
1491858064 11676143616
1491858365 11676217344
1491858675 11676295168
1491858985 11676368896
1491859295 11676512256
1491859596 11676590080
1491859906 11676663808
1491860216 11676811264
1491860526 11676884992
1491860837 11676962816
1491861137 11677040640
1491861447 11677179904
1491861757 11677257728
1491862067 11677339648
1491862368 11677478912
1491862678 11677556736
1491862988 11677630464
1491863289 11677712384
1491863599 11677855744
1491863909 11677929472
1491864219 11678011392
1491864520 11678085120
1491864830 11678232576
1491865140 11678310400
1491865450 11678449664
1491865751 11678523392
1491866061 11678601216
1491866371 11678683136
1491866682 11678830592
1491866992 11678904320
1491867302 11678982144
1491867612 11679125504
1491867913 11679199232
1491868223 11679277056
1491868533 11679432704
1491868844 11679502336
1491869144 11679580160
1491869454 11679662080
1491869764 11679801344
1491870065 11679883264
1491870375 11680227328
1491870685 11680301056
1491870995 11680391168
1491871296 11680464896
1491871606 11680608256
1491871916 11680681984
1491872226 11680825344
1491872527 11680903168
1491872837 11680972800
1491873147 11681050624
1491873448 11681189888
1491873758 11681267712
1491874068 11681345536
1491874378 11681419264
1491874679 11681558528
1491874989 11681636352
1491875299 11681705984
1491875609 11681853440
1491875910 11681927168
1491876220 11682000896
1491876530 11682078720
1491876840 11682222080
1491877141 11682299904
1491877451 11682373632
1491877761 11682447360
1491878062 11682590720
1491878372 11682672640
1491878682 11682746368
1491878992 11682824192
1491879293 11682967552
1491879603 11683049472
1491879913 11683188736
1491880224 11683262464
1491880524 11683340288
1491880834 11683418112
1491881144 11683557376
1491881445 11683635200
1491881755 11683704832
1491882065 11683782656
1491882376 11683921920
1491882676 11683995648
1491882986 11684077568
1491883296 11684216832
1491883606 11684290560
1491883907 11684364288
1491884217 11684438016
1491884527 11684581376
1491884837 11684655104
1491885138 11684728832
1491885448 11684806656
1491885758 11684945920
1491886069 11685019648
1491886369 11756314624
1491886679 11684274176
1491886989 11684352000
1491887290 11684425728
1491887600 11684569088
1491887910 11684646912
1491888220 11684720640
1491888531 11684802560
1491888831 11684937728
1491889141 11685019648
1491889451 11685097472
1491889762 11685167104
1491890062 11685314560
1491890372 11685388288
1491890682 11685462016
1491890983 11685605376
1491891293 11685675008
1491891603 11685752832
1491891913 11685834752
1491892214 11686232064
1491892524 11686309888
1491892834 11686383616
1491893144 11686522880
1491893445 11686600704
1491893755 11686678528
1491894065 11686825984
1491894376 11686899712
1491894676 11686973440
1491894986 11687055360
1491895297 11687194624
1491895597 11687268352
1491895907 11687346176
1491896217 11687415808
1491896528 11687559168
1491896828 11687645184
1491897138 11687718912
1491897448 11687870464
1491897749 11688009728
1491898059 11688087552
1491898369 11688165376
1491898679 11688235008
1491898980 11688378368
1491899290 11688452096
1491899600 11688525824
1491899911 11688603648
1491900211 11688738816
1491900521 11688816640
1491900831 11688894464
1491901142 11689033728
1491901442 11689111552
1491901752 11689185280
1491902062 11689254912
1491902363 11689398272
1491902673 11689467904
1491902983 11689545728
1491903294 11689619456
1491903594 11689762816
1491903904 11689840640
1491904214 11689914368
1491904525 11690057728
1491904825 11690135552
1491905135 11690270720
1491905445 11690360832
1491905755 11690438656
1491906056 11690541056
1491906366 11690684416
1491906676 11690758144
1491906987 11690831872
1491907297 11690909696
1491907607 11691048960
1491907917 11691130880
1491908218 11691208704
1491908528 11691352064
1491908838 11691438080
1491909148 11691515904
1491909449 11691663360
1491909759 11691741184
1491910069 11691823104
1491910380 11691900928
1491910680 11692040192
1491910990 11692113920
1491911300 11692187648
1491911601 11692466176
1491911911 11692679168
1491912221 11693015040
1491912531 11693088768
1491912832 11693166592
1491913142 11693305856
1491913452 11693379584
1491913763 11693453312
1491914063 11693985792
1491914373 11694063616
1491914683 11694137344
1491914984 11694211072
1491915294 11694358528
1491915604 11694432256
1491915914 11694571520
1491916215 11694645248
1491916525 11694718976
1491916835 11694804992
1491917146 11694944256
1491917456 11695017984
1491917766 11695091712
1491918076 11695169536
1491918377 11695312896
1491918687 11695386624
1491918997 11695529984
1491919308 11695616000
1491919608 11695693824
1491919918 11695837184
1491920228 11695910912
1491920538 11695984640
1491920839 11696062464
1491921149 11696201728
1491921459 11696275456
1491921760 11696353280
1491922070 11696431104
1491922380 11696570368
1491922690 11696648192
1491922991 11696726016
1491923301 11696869376
1491923611 11696943104
1491923921 11697016832
1491924222 11697090560
1491924532 11697233920
1491924842 11697324032
1491925153 11697397760
1491925453 11697471488
1491925763 11697614848
1491926073 11697692672
1491926374 11697831936
1491926684 11697905664
1491926994 11697983488
1491927305 11698065408
1491927605 11698204672
1491927915 11698278400
1491928225 11698360320
1491928526 11698507776
1491928836 11698606080
1491929146 11698679808
1491929457 11698753536
1491929757 11698900992
1491930067 11698974720
1491930377 11699052544
1491930688 11699191808
1491930988 11699269632
1491931298 11699347456
1491931608 11699421184
1491931918 11699568640
1491932219 11699654656
1491932529 11699728384
1491932839 11699871744
1491933140 11699974144
1491933450 11700170752
1491933760 11700248576
1491934070 11700387840
1491934371 11700461568
1491934681 11700535296
1491934991 11700613120
1491935301 11700752384
1491935602 11700826112
1491935912 11701161984
1491936222 11701239808
1491936523 11701313536
1491936833 11701387264
1491937143 11701530624
1491937453 11701608448
1491937754 11701747712
1491938064 11701821440
1491938374 11701895168
1491938684 11701972992
1491938985 11702112256
1491939295 11702185984
1491939605 11702259712
1491939915 11702341632
1491940216 11702480896
1491940526 11702558720
1491940836 11702636544
1491941146 11702779904
1491941447 11702857728
1491941757 11702943744
1491942067 11703017472
1491942368 11703160832
1491942678 11703234560
1491942988 11703308288
1491943298 11703382016
1491943599 11703521280
1491943909 11703607296
1491944219 11703750656
1491944530 11703828480
1491944830 11703902208
1491945140 11703980032
1491945450 11704119296
1491945751 11704193024
1491946061 11704266752
1491946371 11704344576
1491946681 11704483840
1491946982 11704569856
1491947292 11704643584
1491947602 11704717312
1491947913 11704864768
1491948213 11704938496
1491948523 11705012224
1491948833 11705151488
1491949134 11705229312
1491949444 11705303040
1491949754 11705376768
1491950064 11705516032
1491950375 11705593856
1491950685 11705667584
1491950995 11705741312
1491951305 11705888768
1491951606 11705966592
1491951916 11706105856
1491952226 11706187776
1491952536 11706281984
1491952837 11706368000
1491953147 11706519552
1491953457 11706601472
1491953768 11706687488
1491954068 11706769408
1491954378 11706920960
1491954688 11706994688
1491954989 11707072512
1491955299 11707215872
1491955609 11707289600
1491955919 11707363328
1491956220 11707437056
1491956530 11707576320
1491956840 11707654144
1491957141 11707727872
1491957451 11707801600
1491957761 11727941632
1491958071 11728019456
1491958372 11728109568
1491958682 11728261120
1491958992 11728334848
1491959302 11728478208
1491959603 11728547840
1491959913 11728625664
1491960223 11728699392
1491960524 11728838656
1491960834 11728916480
1491961144 11728990208
1491961454 11729063936
1491961755 11729203200
1491962065 11729285120
1491962375 11729362944
1491962685 11729436672
1491962986 11729575936
1491963296 11729653760
1491963606 11729731584
1491963916 11729805312
1491964217 11729944576
1491964527 11730018304
1491964837 11730096128
1491965148 11730169856
1491965448 11730321408
1491965758 11730436096
1491966068 11730509824
1491966379 11730653184
1491966679 11730726912
1491966989 11730800640
1491967299 11730878464
1491967610 11731021824
1491967910 11731095552
1491968220 11731169280
1491968530 11731243008
1491968840 11731386368
1491969141 11731460096
1491969451 11731603456
1491969761 11731681280
1491970071 11731750912
1491970372 11731828736
1491970682 11731976192
1491970992 11732049920
1491971303 11732127744
1491971603 11732201472
1491971913 11731648512
1491972223 11731730432
1491972533 11731800064
1491972834 11731890176
1491973144 11732045824
1491973454 11732115456
1491973764 11732193280
1491974065 11732328448
1491974375 11732406272
1491974685 11732484096
1491974995 11732553728
1491975296 11732697088
1491975606 11732791296
1491975916 11732930560
1491976227 11733012480
1491976527 11733086208
1491976837 11733229568
1491977147 11733307392
1491977448 11733377024
1491977758 11733454848
1491978068 11733590016
1491978369 11733667840
1491978679 11733745664
1491978989 11733815296
1491979299 11733983232
1491979610 11738648576
1491979910 11738718208
1491980220 11738865664
1491980530 11738939392
1491980831 11739082752
1491981141 11739164672
1491981451 11739234304
1491981761 11739312128
1491982062 11739451392
1491982372 11739525120
1491982682 11739602944
1491982983 11739672576
1491983293 11739820032
1491983603 11739906048
1491983913 11740045312
1491984224 11740123136
1491984524 11740192768
1491984834 11740278784
1491985144 11740422144
1491985445 11740491776
1491985755 11740569600
1491986065 11740643328
1491986376 11740782592
1491986676 11740860416
1491986986 11740930048
1491987296 11741081600
1491987607 11741159424
1491987917 11741229056
1491988227 11741372416
1491988538 11741450240
1491988838 11741528064
1491989148 11741605888
1491989458 11741741056
1491989759 11741818880
1491990069 11741892608
1491990379 11741966336
1491990689 11742109696
1491990990 11742183424
1491991300 11742261248
1491991610 11742404608
1491991920 11742474240
1491992221 11742556160
1491992531 11742633984
1491992841 11742773248
1491993142 11742851072
1491993452 11742920704
1491993762 11743068160
1491994073 11743145984
1491994373 11743219712
1491994683 11743367168
1491994993 11743440896
1491995303 11743514624
1491995604 11743657984
1491995914 11743727616
1491996224 11743805440
1491996534 11743883264
1491996835 11744022528
1491997145 11744100352
1491997455 11744169984
1491997756 11744251904
1491998066 11744460800
1491998376 11744669696
1491998686 11745009664
1491998987 11745083392
1491999297 11745222656
1491999607 11745300480
1491999917 11745370112
1492000218 11745452032
1492000528 11745591296
1492000838 11745665024
1492001139 11745742848
1492001449 11753209856
1492001759 11753353216
1492002069 11753426944
1492002370 11753566208
1492002680 11753644032
1492002990 11753717760
1492003301 11753791488
1492003601 11753934848
1492003911 11754004480
1492004221 11754082304
1492004522 11754172416
1492004832 11754311680
1492005142 11754389504
1492005452 11754467328
1492005753 11754606592
1492006063 11754684416
1492006373 11754754048
1492006684 11754835968
1492006984 11754975232
1492007294 11755048960
1492007604 11755126784
1492007914 11755196416
1492008215 11755339776
1492008525 11755421696
1492008835 11755499520
1492009146 11755651072
1492009446 11755728896
1492009756 11755876352
1492010066 11755962368
1492010377 11756036096
1492010677 11756118016
1492010987 11756257280
1492011297 11756331008
1492011598 11756408832
1492011908 11756486656
1492012218 11756638208
1492012528 11756716032
1492012829 11756789760
1492013139 11756945408
1492013449 11757023232
1492013750 11757162496
1492014060 11757244416
1492014370 11757318144
1492014680 11757404160
1492014981 11757543424
1492015291 11757617152
1492015601 11757703168
1492015911 11757776896
1492016222 11757932544
1492016522 11758006272
1492016832 11758084096
1492017142 11758235648
1492017443 11758313472
1492017753 11758391296
1492018063 11758473216
1492018374 11758612480
1492018674 11758686208
1492018984 11758764032
1492019294 11758837760
1492019595 11758981120
1492019905 11759058944
1492020215 11759206400
1492020525 11759280128
1492020826 11759353856
1492021136 11759439872
1492021446 11759579136
1492021756 11759661056
1492022057 11759738880
1492022367 11759816704
1492022677 11759960064
1492022988 11760033792
1492023288 11760484352
1492023598 11760635904
1492023908 11760717824
1492024209 11760795648
1492024519 11760869376
1492024829 11761012736
1492025139 11761090560
1492025440 11761172480
1492025750 11761250304
1492026060 11761397760
1492026371 11761475584
1492026671 11761549312
1492026981 11761692672
1492027291 11761770496
1492027602 11761852416
1492027902 11761930240
1492028212 11762085888
1492028522 11762159616
1492028823 11762249728
1492029133 11762401280
1492029443 11762479104
1492029754 11762561024
1492030054 11762716672
1492030364 11762790400
1492030674 11762933760
1492030985 11763007488
1492031285 11763085312
1492031595 11763232768
1492031905 11763314688
1492032206 11763388416
1492032516 11763462144
1492032826 11763613696
1492033127 11763687424
1492033437 11763761152
1492033747 11763843072
1492034057 11763998720
1492034367 11764076544
1492034668 11764154368
1492034978 11764297728
1492035288 11764375552
1492035589 11764461568
1492035899 11764539392
1492036209 11764682752
1492036510 11764768768
1492036820 11764850688
1492037130 11764932608
1492037440 11765080064
1492037741 11765170176
1492038051 11765317632
1492038361 11765391360
1492038671 11765469184
1492038972 11765542912
1492039282 11765698560
1492039592 11765772288
1492039902 11765854208
1492040203 11765997568
1492040513 11766075392
1492040823 11766157312
1492041134 11766231040
1492041434 11766390784
1492041744 11766472704
1492042054 11766611968
1492042364 11766697984
1492042665 11766779904
1492042975 11766857728
1492043285 11767001088
1492043596 11767074816
1492043896 11767156736
1492044206 11767242752
1492044516 11767382016
1492044817 11767463936
1492045127 11767980032
1492045437 11768057856
1492045747 11768135680
1492046048 11768283136
1492046358 11768369152
1492046668 11768455168
1492046978 11768528896
1492047279 11768668160
1492047589 11768741888
1492047899 11768823808
1492048200 11768913920
1492048510 11769053184
1492048820 11769135104
1492049130 11769278464
1492049431 11769356288
1492049741 11769438208
1492050051 11769511936
1492050361 11769651200
1492050662 11769733120
1492050972 11769815040
1492051282 11769892864
1492051593 11770040320
1492051893 11770118144
1492052203 11770204160
1492052513 11770343424
1492052814 11770417152
1492053124 11770494976
1492053434 11770576896
1492053735 11770720256
1492054045 11770802176
1492054355 11770974208
1492054666 11771105280
1492054966 11771179008
1492055276 11771252736
1492055586 11771396096
1492055887 11771473920
1492056197 11771559936
1492056507 11771723776
1492056817 11771805696
1492057128 11771891712
1492057428 11771965440
1492057738 11771420672
1492058048 11771502592
1492058349 11771576320
1492058659 11771658240
1492058969 11771813888
1492059270 11771899904
1492059580 11772055552
1492059890 11772133376
1492060201 11772215296
1492060501 11772358656
1492060811 11772436480
1492061121 11772518400
1492061431 11772608512
1492061732 11772747776
1492062042 11772829696
1492062352 11772907520
1492062663 11772985344
1492062963 11773140992
1492063273 11773214720
1492063583 11773374464
1492063893 11773452288
1492064194 11773530112
1492064504 11773612032
1492064814 11773755392
1492065125 11773833216
1492065425 11773919232
1492065735 11773992960
1492066045 11774144512
1492066346 11774222336
1492066656 11774304256
1492066966 11774820352
1492067276 11774898176
1492067577 11774980096
1492067887 11775135744
1492068197 11775209472
1492068507 11775295488
1492068808 11775369216
1492069118 11775520768
1492069428 11775606784
1492069739 11775680512
1492070039 11775766528
1492070349 11775918080
1492070659 11776000000
1492070960 11776086016
1492071270 11776229376
1492071580 11776311296
1492071881 11776397312
1492072191 11776475136
1492072501 11776622592
1492072811 11776708608
1492073122 11776778240
1492073422 11776868352
1492073732 11777011712
1492074042 11777097728
1492074343 11777249280
1492074653 11777335296
1492074963 11777462272
1492075274 11777593344
1492075574 11777781760
1492075884 11777912832
1492076194 11778035712
1492076495 11778162688
1492076805 11778359296
1492077115 11778486272
1492077426 11778617344
1492077726 11778805760
1492078036 11778936832
1492078346 11779141632
1492078657 11779260416
1492078957 11779395584
1492079267 11779514368
1492079577 11779682304
1492079878 11779760128
1492080188 11779866624
1492080498 11779948544
1492080808 11780091904
1492081109 11780173824
1492081419 11780259840
1492081729 11780399104
1492082039 11780485120
1492082349 11780571136
1492082650 11780644864
1492082960 11780792320
1492083270 11780874240
1492083571 11780960256
1492083881 11781046272
1492084191 11781185536
1492084501 11781402624
1492084802 11781550080
1492085112 11781890048
1492085422 11782037504
1492085732 11782115328
1492086033 11782189056
1492086343 11782340608
1492086653 11782414336
1492086954 11782488064
1492087264 11782565888
1492087574 11782701056
1492087885 11782782976
1492088185 11782930432
1492088495 11783008256
1492088805 11783655424
1492089116 11783794688
1492089416 11783872512
1492089726 11783958528
1492090036 11784036352
1492090337 11784187904
1492090647 11784261632
1492090957 11784343552
1492091267 11784421376
1492091568 11784564736
1492091878 11784650752
1492092188 11784728576
1492092489 11784871936
1492092799 11784953856
1492093109 11785031680
1492093420 11785105408
1492093730 11785256960
1492094040 11785338880
1492094350 11785428992
1492094651 11785502720
1492094961 11785641984
1492095271 11785732096
1492095581 11785871360
1492095882 11785949184
1492096192 11786031104
1492096502 11786100736
1492096812 11786244096
1492097113 11786317824
1492097423 11786391552
1492097733 11786469376
1492098034 11786604544
1492098344 11786682368
1492098654 11786756096
1492098964 11786829824
1492099265 11786981376
1492099575 11787177984
1492099885 11787255808
1492100196 11787333632
1492100496 11787468800
1492100806 11787546624
1492101116 11787624448
1492101417 11787694080
1492101727 11787837440
1492102037 11787907072
1492102348 11787976704
1492102648 11788111872
1492102958 11788181504
1492103268 11788255232
1492103578 11788324864
1492103879 11788460032
1492104189 11788533760
1492104499 11788603392
1492104809 11788673024
1492105110 11788808192
1492105420 11788877824
1492105730 11788951552
1492106040 11789021184
1492106341 11789156352
1492106651 11789230080
1492106961 11789361152
1492107271 11789443072
1492107572 11789512704
1492107882 11789582336
1492108192 11789721600
1492108502 11789791232
1492108803 11789860864
1492109113 11789934592
1492109423 11790110720
1492109733 11790184448
1492110034 11790254080
1492110344 11790389248
1492110654 11795111936
1492110964 11795181568
1492111265 11795251200
1492111575 11795386368
1492111885 11795456000
1492112196 11795529728
1492112496 11795599360
1492112806 11795734528
1492113116 11795812352
1492113427 11795943424
1492113727 11796017152
1492114037 11796086784
1492114347 11796156416
1492114648 11796295680
1492114958 11796365312
1492115268 11796434944
1492115578 11796504576
1492115879 11796660224
1492116189 11796733952
1492116499 11796803584
1492116809 11796873216
1492117110 11797012480
1492117420 11797082112
1492117730 11797151744
1492118031 11797286912
1492118341 11797360640
1492118651 11797434368
1492118961 11797504000
1492119262 11797643264
1492119572 11797716992
1492119882 11797786624
1492120193 11797856256
1492120493 11797991424
1492120803 11798061056
1492121113 11798200320
1492121414 11798278144
1492121724 11798351872
1492122034 11798487040
1492122344 11798556672
1492122645 11798634496
1492122955 11798773760
1492123265 11798843392
1492123575 11798925312
1492123876 11798994944
1492124186 11799130112
1492124496 11799199744
1492124806 11799334912
1492125107 11799408640
1492125417 11799486464
1492125727 11799625728
1492126037 11799695360
1492126338 11799769088
1492126648 11799912448
1492126958 11800006656
1492127259 11800141824
1492127569 11800215552
1492127879 11800285184
1492128189 11800420352
1492128500 11800489984
1492128800 11800563712
1492129110 11800633344
1492129420 11800768512
1492129730 11800842240
1492130031 11800915968
1492130341 11800985600
1492130651 11801120768
1492130961 11801190400
1492131262 11801260032
1492131572 11801399296
1492131882 11801468928
1492132183 11801538560
1492132493 11802554368
1492132803 11802628096
1492133114 11802710016
1492133414 11802845184
1492133724 11802914816
1492134034 11802988544
1492134335 11803066368
1492134645 11803209728
1492134955 11803279360
1492135265 11803418624
1492135566 11803488256
1492135876 11803574272
1492136186 11803693056
1492136497 11803832320
1492136797 11803901952
1492137107 11803971584
1492137417 11804110848
1492137718 11804291072
1492138028 11804364800
1492138338 11804434432
1492138648 11804569600
1492138949 11804639232
1492139259 11804778496
1492139569 11804848128
1492139870 11804917760
1492140180 11804991488
1492140490 11805130752
1492140800 11805200384
1492141101 11805270016
1492141411 11805343744
1492141721 11805483008
1492142032 11805552640
1492142332 11805622272
1492142642 11805757440
1492142953 11805831168
1492143253 11805900800
1492143563 11805970432
1492143873 11806105600
1492144183 11806179328
1492144494 11806248960
1492144804 11806322688
1492145114 11806457856
1492145424 11805835264
1492145725 11805913088
1492146035 11806048256
1492146345 11806117888
1492146655 11806191616
1492146966 11806334976
1492147276 11806404608
1492147586 11806474240
1492147896 11806543872
1492148197 11806683136
1492148507 11806752768
1492148817 11806822400
1492149128 11806900224
1492149428 11807031296
1492149738 11807105024
1492150048 11807178752
1492150358 11807248384
1492150659 11807387648
1492150969 11807457280
1492151279 11807526912
1492151589 11807604736
1492151890 11807739904
1492152200 11807813632
1492152510 11807883264
1492152820 11807952896
1492153131 11808092160
1492153431 11808161792
1492153741 11808231424
1492154051 11808366592
1492154352 11811475456
1492154662 11811549184
1492154972 11811622912
1492155282 11811762176
1492155583 11811835904
1492155893 11811901440
1492156203 11811975168
1492156514 11812110336
1492156814 11812179968
1492157124 11812253696
1492157434 11812388864
1492157745 11812458496
1492158045 11812532224
1492158355 11812597760
1492158665 11812737024
1492158975 11812806656
1492159276 11812945920
1492159586 11813019648
1492159896 11813089280
1492160206 11813158912
1492160507 11813298176
1492160817 11813363712
1492161127 11813437440
1492161438 11813572608
1492161738 11813642240
1492162048 11813715968
1492162358 11813781504
1492162659 11813920768
1492162969 11814002688
1492163279 11814068224
1492163590 11814207488
1492163890 11814277120
1492164200 11814412288
1492164510 11814486016
1492164820 11814551552
1492165121 11814629376
1492165431 11814768640
1492165741 11814834176
1492166051 11814907904
1492166352 11814977536
1492166662 11815112704
1492166972 11815186432
1492167282 11815251968
1492167583 11815391232
1492167893 11815460864
1492168203 11815530496
1492168514 11815604224
1492168814 11815735296
1492169124 11815809024
1492169434 11815882752
1492169735 11815948288
1492170045 11816091648
1492170355 11816161280
1492170665 11816235008
1492170976 11816439808
1492171276 11816640512
1492171586 11816976384
1492171896 11817050112
1492172197 11817185280
1492172507 11817259008
1492172817 11817324544
1492173127 11817398272
1492173428 11817537536
1492173738 11817603072
1492174048 11817676800
1492174359 11817750528
1492174659 11817881600
1492174969 11817955328
1492175279 11818086400
1492175580 11818160128
1492175890 11818233856
1492176200 11818754048
1492176510 11818893312
1492176811 11818962944
1492177121 11819032576
1492177431 11819175936
1492177741 11819241472
1492178052 11819319296
1492178352 11819458560
1492178662 11819524096
1492178972 11819597824
1492179273 11819737088
1492179583 11819810816
1492179893 11819884544
1492180203 11819954176
1492180504 11820101632
1492180814 11820195840
1492181124 11820273664
1492181434 11820347392
1492181735 11820478464
1492182045 11820552192
1492182355 11820630016
1492182665 11820630016
1492182966 11820638208
1492183276 11820650496
1492183586 11820650496
1492183896 11820658688
1492184197 11820658688
1492184507 11820666880
1492184817 11820675072
1492185127 11820675072
1492185428 11820683264
1492185738 11820683264
1492186048 11820695552
1492186349 11820724224
1492186659 11820724224
1492186969 11820732416
1492187279 11820740608
1492187580 11820740608
1492187890 11820756992
1492188200 11820761088
1492188510 11820773376
1492188811 11820785664
1492189121 11820785664
1492189431 11820797952
1492189732 11820810240
1492190042 11820810240
1492190352 11820818432
1492190662 11820818432
1492190972 11820826624
1492191273 11820834816
1492191583 11820834816
1492191893 11820843008
1492192203 11820843008
1492192504 11820851200
1492192814 11820859392
1492193124 11820859392
1492193434 11820867584
1492193735 11820875776
1492194045 11820875776
1492194355 11820883968
1492194666 11820883968
1492194966 11820892160
1492195276 11820900352
1492195586 11820904448
1492195897 11820912640
1492196197 11820916736
1492196507 11820924928
1492196817 11820933120
1492197127 11820937216
1492197428 11820945408
1492197738 11820957696
1492198048 11820961792
1492198359 11820969984
1492198659 11820974080
1492198969 11820978176
1492199279 11820986368
1492199589 11820986368
1492199890 11820998656
1492200200 11821006848
1492200510 11821006848
1492200821 11821015040
1492201121 11821015040
1492201431 11821031424
1492201741 11821043712
1492202042 11821043712
1492202352 11821060096
1492202662 11821064192
1492202972 11821068288
1492203273 11821076480
1492203583 11821076480
1492203893 11821084672
1492204203 11821092864
1492204504 11821096960
1492204814 11821105152
1492205124 11821105152
1492205425 11821113344
1492205735 11821121536
1492206045 11821125632
1492206355 11821133824
1492206656 11821137920
1492206966 11821150208
1492207276 11821158400
1492207587 11821162496
1492207887 11821170688
1492208197 11821178880
1492208507 11821182976
1492208817 11821191168
1492209118 11821195264
1492209428 11821203456
1492209738 11821215744
1492210039 11821215744
1492210349 11821228032
1492210659 11821232128
1492210969 11821236224
1492211270 11821248512
1492211580 11821248512
1492211890 11821281280
1492212201 11821301760
1492212511 11821309952
1492212821 11821326336
1492213131 11821334528
1492213432 11821342720
1492213742 11821350912
1492214052 11821359104
1492214362 11821367296
1492214663 11821371392
1492214973 11821379584
1492215283 11821387776
1492215593 11821387776
1492215894 11821395968
1492216204 11821404160
1492216514 11821404160
1492216824 11821420544
1492217125 11821424640
1492217435 11821428736
1492217745 11821502464
1492218046 11821502464
1492218356 11821510656
1492218666 11821518848
1492218977 11821522944
1492219277 11821535232
1492219587 11821588480
1492219897 11821588480
1492220208 11821596672
1492220508 11821596672
1492220818 11821604864
1492221128 11821608960
1492221429 11821613056
1492221739 11821621248
1492222049 11821625344
1492222359 11821633536
1492222660 11821645824
1492222970 11821649920
1492223280 11821658112
1492223591 11821670400
1492223891 11821686784
1492224201 11821694976
1492224511 11821694976
1492224812 11821703168
1492225122 11821711360
1492225432 11821715456
1492225742 11821723648
1492226043 11821723648
1492226353 11821731840
1492226663 11821735936
1492226974 11821740032
1492227284 11821748224
1492227594 11821752320
1492227904 11821756416
1492228214 11821764608
1492228515 11821772800
1492228825 11821780992
1492229135 11821785088
1492229436 11821789184
1492229746 11821797376
1492230056 11821801472
1492230366 11821805568
1492230667 11821809664
1492230977 11821813760
1492231287 11821821952
1492231588 11821830144
1492231898 11821834240
1492232208 11821133824
1492232518 11821137920
1492232819 11821142016
1492233129 11821146112
1492233439 11821154304
1492233750 11821158400
1492234050 11821162496
1492234360 11821166592
1492234670 11821170688
1492234971 11821178880
1492235281 11821182976
1492235591 11821187072
1492235902 11821195264
1492236202 11821199360
1492236512 11821203456
1492236822 11821207552
1492237123 11821211648
1492237433 11821219840
1492237743 11821236224
1492238053 11821240320
1492238363 11821244416
1492238664 11821281280
1492238974 11821334528
1492239284 11821371392
1492239585 11821375488
1492239895 11821400064
1492240205 11821412352
1492240516 11821416448
1492240816 11821420544
1492241126 11821441024
1492241436 11821449216
1492241747 11821465600
1492242047 11821498368
1492242357 11821510656
1492242667 11821518848
1492242978 11821535232
1492243278 11821559808
1492243588 11821596672
1492243898 11821645824
1492244199 11821690880
1492244509 11821735936
1492244819 11821740032
1492245120 11821744128
1492245430 11821760512
1492245740 11821764608
1492246051 11821772800
1492246351 11821793280
1492246661 11821793280
1492246971 11821801472
1492247272 11821842432
1492247582 11821858816
1492247892 11821867008
1492248203 11821871104
1492248503 11821887488
1492248813 11821895680
1492249123 11821895680
1492249433 11821924352
1492249734 11821953024
1492250044 11821957120
1492250354 11821965312
1492250665 11821965312
1492250965 11821977600
1492251275 11821981696
1492251585 11821985792
1492251896 11821993984
1492252206 11821998080
1492252516 11822002176
1492252826 11822010368
1492253127 11822010368
1492253437 11822018560
1492253747 11822022656
1492254057 11822026752
1492254358 11822034944
1492254668 11822039040
1492254978 11822043136
1492255279 11822055424
1492255589 11822055424
1492255899 11822063616
1492256209 11822067712
1492256520 11822071808
1492256820 11822100480
1492257130 11832987648
1492257431 11808329728
1492257741 11818233856
1492258042 11725414400
1492258344 11685441536
1492258644 11683434496
1492258954 11677483008
1492259265 11469176832
1492259565 11238494208
1492259875 11246080000
