1491738974 377860096
1491739284 384925696
1491739594 388939776
1491739905 386625536
1491740205 386359296
1491740515 393424896
1491740825 376610816
1491741126 404779008
1491741436 382320640
1491741746 381489152
1491742056 396914688
1491742366 401887232
1491742667 406642688
1491742977 404566016
1491743287 418332672
1491743597 433225728
1491743898 441171968
1491744208 461307904
1491744518 491446272
1491744828 511627264
1491745129 541011968
1491745439 570953728
1491745749 562036736
1491746060 563183616
1491746360 578646016
1491746670 590954496
1491746980 565645312
1491747281 570830848
1491747591 571715584
1491747901 572055552
1491748211 572051456
1491748512 571703296
1491748822 571944960
1491749132 572080128
1491749442 571826176
1491749743 577593344
1491750053 577269760
1491750364 600375296
1491750664 577523712
1491750974 574554112
1491751284 551780352
1491751585 554471424
1491751895 554262528
1491752205 552747008
1491752515 554119168
1491752816 554479616
1491753126 555446272
1491753436 555524096
1491753747 555630592
1491754047 555864064
1491754357 556003328
1491754667 550354944
1491754968 549425152
1491755278 549437440
1491755588 549330944
1491755898 549306368
1491756199 549330944
1491756509 549969920
1491756819 549965824
1491757129 549978112
1491757440 549867520
1491757740 549920768
1491758050 549912576
1491758360 543309824
1491758661 543182848
1491758971 543199232
1491759281 543162368
1491759592 543154176
1491759892 543121408
1491760202 543182848
1491760512 543309824
1491760822 543150080
1491761123 543019008
1491761433 543199232
1491761743 543084544
1491762053 543121408
1491762354 543170560
1491762664 543133696
1491762974 543182848
1491763285 543080448
1491763585 543092736
1491763895 545169408
1491764205 545271808
1491764506 545214464
1491764816 545275904
1491765126 545234944
1491765436 545267712
1491765737 545337344
1491766047 545234944
1491766357 545353728
1491766667 545255424
1491766977 545406976
1491767278 545345536
1491767588 545394688
1491767898 545439744
1491768208 545439744
1491768518 545386496
1491768819 545308672
1491769129 545419264
1491769439 545357824
1491769749 545456128
1491770050 545337344
1491770360 545390592
1491770670 545353728
1491770980 545361920
1491771291 545411072
1491771591 545345536
1491771901 545366016
1491772211 545419264
1491772522 545460224
1491772822 545255424
1491773132 545357824
1491773442 545427456
1491773753 545431552
1491774053 545181696
1491774363 545382400
1491774673 545398784
1491774984 545308672
1491775284 545300480
1491775594 545337344
1491775904 545349632
1491776215 545353728
1491776515 545345536
1491776825 545226752
1491777135 545292288
1491777446 545501184
1491777746 545419264
1491778056 545390592
1491778366 545460224
1491778677 545439744
1491778977 545333248
1491779287 545353728
1491779597 546889728
1491779907 545341440
1491780208 545185792
1491780518 545476608
1491780828 545374208
1491781138 545296384
1491781439 545308672
1491781749 545284096
1491782059 545263616
1491782369 545427456
1491782670 545443840
1491782980 545320960
1491783290 545243136
1491783600 547082240
1491783911 545402880
1491784211 545460224
1491784521 545370112
1491784831 545361920
1491785132 545394688
1491785442 545247232
1491785752 545189888
1491786062 545456128
1491786363 545378304
1491786673 545234944
1491786983 545300480
1491787293 544972800
1491787594 544468992
1491787904 545398784
1491788214 545230848
1491788524 545312768
1491788825 544804864
1491789135 544354304
1491789445 544362496
1491789756 544370688
1491790056 545959936
1491790366 544526336
1491790676 544493568
1491790977 546062336
1491791287 544411648
1491791597 545599488
1491791907 546091008
1491792208 544456704
1491792518 545538048
1491792828 544489472
1491793129 546050048
1491793439 545882112
1491793749 545935360
1491794059 544321536
1491794360 544399360
1491794670 546099200
1491794980 545501184
1491795290 545939456
1491795591 545882112
1491795901 546795520
1491796211 545918976
1491796512 544509952
1491796822 544444416
1491797132 544399360
1491797443 544477184
1491797743 546082816
1491798053 544313344
1491798363 545468416
1491798674 545562624
1491798974 545476608
1491799284 543744000
1491799594 543813632
1491799905 543776768
1491800205 543625216
1491800515 543707136
1491800825 543690752
1491801126 543703040
1491801436 543735808
1491801746 543727616
1491802056 543744000
1491802357 543784960
1491802667 543784960
1491802977 544010240
1491803278 543854592
1491803588 543883264
1491803898 543903744
1491804208 544452608
1491804519 544456704
1491804819 544452608
1491805129 544530432
1491805439 544346112
1491805749 544366592
1491806050 544366592
1491806360 544333824
1491806670 544436224
1491806981 544432128
1491807281 544468992
1491807591 544489472
1491807901 544403456
1491808202 544505856
1491808512 544571392
1491808822 544403456
1491809133 544395264
1491809433 544485376
1491809743 544403456
1491810053 544444416
1491810354 544518144
1491810664 544313344
1491810974 544378880
1491811284 544436224
1491811595 544382976
1491811895 544415744
1491812205 544489472
1491812515 544460800
1491812816 544518144
1491813126 544546816
1491813436 544485376
1491813737 544362496
1491814047 544362496
1491814357 544387072
1491814667 544391168
1491814968 544428032
1491815278 544473088
1491815588 544468992
1491815898 544518144
1491816199 544559104
1491816509 544522240
1491816819 544530432
1491817129 544497664
1491817430 544550912
1491817740 544358400
1491818050 544366592
1491818360 544428032
1491818661 544403456
1491818971 544378880
1491819281 544428032
1491819582 544501760
1491819892 544489472
1491820202 544530432
1491820512 544583680
1491820822 544366592
1491821133 544399360
1491821433 544436224
1491821743 544436224
1491822053 544411648
1491822354 544464896
1491822664 544518144
1491822974 544559104
1491823275 544481280
1491823585 544538624
1491823895 544538624
1491824206 544346112
1491824506 544440320
1491824816 544411648
1491825126 545902592
1491825427 545947648
1491825737 545927168
1491826047 545935360
1491826357 545980416
1491826658 546025472
1491826968 545869824
1491827278 545959936
1491827588 545927168
1491827889 545923072
1491828199 545894400
1491828509 545894400
1491828819 545890304
1491829120 545898496
1491829430 545898496
1491829740 546021376
1491830050 546066432
1491830351 545869824
1491830661 545910784
1491830971 545869824
1491831281 545882112
1491831582 545943552
1491831892 545902592
1491832202 545906688
1491832512 545935360
1491832822 545878016
1491833123 545910784
1491833433 545964032
1491833743 545943552
1491834053 545947648
1491834354 545996800
1491834664 545959936
1491834974 545951744
1491835284 545964032
1491835585 545886208
1491835895 545906688
1491836205 545923072
1491836515 546086912
1491836826 546041856
1491837126 546115584
1491837436 546115584
1491837746 546045952
1491838057 546009088
1491838357 546021376
1491838667 545906688
1491838977 545898496
1491839287 545828864
1491839588 545964032
1491839898 545984512
1491840208 545980416
1491840518 545943552
1491840819 545935360
1491841129 545968128
1491841439 545947648
1491841740 545906688
1491842050 545882112
1491842360 546074624
1491842670 546070528
1491842971 545980416
1491843281 546918400
1491843591 546045952
1491843902 546336768
1491844212 546349056
1491844522 546193408
1491844832 546471936
1491845133 546492416
1491845443 546258944
1491845753 546299904
1491846063 546365440
1491846364 547880960
1491846674 546299904
1491846984 546217984
1491847295 546295808
1491847605 546295808
1491847915 546279424
1491848225 546209792
1491848526 546246656
1491848836 546254848
1491849146 546205696
1491849456 546344960
1491849757 546316288
1491850067 546332672
1491850377 546271232
1491850678 546230272
1491850988 546258944
1491851298 546254848
1491851599 546242560
1491851909 546385920
1491852219 546160640
1491852529 546209792
1491852830 546168832
1491853140 546160640
1491853450 546328576
1491853760 546275328
1491854061 546258944
1491854371 546226176
1491854681 546275328
1491854982 546275328
1491855292 546209792
1491855602 546246656
1491855912 546246656
1491856213 546181120
1491856523 546410496
1491856833 546369536
1491857134 546471936
1491857444 546344960
1491857754 546357248
1491858064 546443264
1491858365 546390016
1491858675 546385920
1491858985 546381824
1491859295 546353152
1491859596 546381824
1491859906 546390016
1491860216 546316288
1491860526 546349056
1491860837 546377728
1491861137 546320384
1491861447 546394112
1491861757 546414592
1491862067 546287616
1491862368 546299904
1491862678 546324480
1491862988 546291712
1491863289 546308096
1491863599 546361344
1491863909 546230272
1491864219 546189312
1491864520 546271232
1491864830 546217984
1491865140 546181120
1491865450 546373632
1491865751 546377728
1491866061 546263040
1491866371 546648064
1491866682 546631680
1491866992 546717696
1491867302 546615296
1491867612 546648064
1491867913 546557952
1491868223 546570240
1491868533 546488320
1491868844 546533376
1491869144 549322752
1491869454 546717696
1491869764 546533376
1491870065 546906112
1491870375 546942976
1491870685 546750464
1491870995 546910208
1491871296 546955264
1491871606 546910208
1491871916 546893824
1491872226 546963456
1491872527 546918400
1491872837 546910208
1491873147 546988032
1491873448 546787328
1491873758 546852864
1491874068 546828288
1491874378 546791424
1491874679 546791424
1491874989 546861056
1491875299 546824192
1491875609 546918400
1491875910 546983936
1491876220 546795520
1491876530 546844672
1491876840 546947072
1491877141 547049472
1491877451 546992128
1491877761 546979840
1491878062 546906112
1491878372 546983936
1491878682 546856960
1491878992 546856960
1491879293 546971648
1491879603 546906112
1491879913 547000320
1491880224 547020800
1491880524 546844672
1491880834 546766848
1491881144 546914304
1491881445 546799616
1491881755 546816000
1491882065 546885632
1491882376 546869248
1491882676 546902016
1491882986 546897920
1491883296 546885632
1491883606 546906112
1491883907 546955264
1491884217 546942976
1491884527 547155968
1491884837 548106240
1491885138 548077568
1491885448 548118528
1491885758 548118528
1491886069 548151296
1491886369 558129152
1491886679 548044800
1491886989 548093952
1491887290 549986304
1491887600 550010880
1491887910 549978112
1491888220 550014976
1491888531 550014976
1491888831 550043648
1491889141 549990400
1491889451 549994496
1491889762 550027264
1491890062 550019072
1491890372 550068224
1491890682 550084608
1491890983 550133760
1491891293 549957632
1491891603 549994496
1491891913 550080512
1491892214 549994496
1491892524 549974016
1491892834 550010880
1491893144 549998592
1491893445 550027264
1491893755 550035456
1491894065 549965824
1491894376 550043648
1491894676 549998592
1491894986 550092800
1491895297 550162432
1491895597 550014976
1491895907 550014976
1491896217 550039552
1491896528 549924864
1491896828 549953536
1491897138 549978112
1491897448 550014976
1491897749 549969920
1491898059 550043648
1491898369 550060032
1491898679 550100992
1491898980 550080512
1491899290 550068224
1491899600 550113280
1491899911 550117376
1491900211 549883904
1491900521 549953536
1491900831 550031360
1491901142 550150144
1491901442 550113280
1491901752 550121472
1491902062 550150144
1491902363 550146048
1491902673 550141952
1491902983 550154240
1491903294 550141952
1491903594 550158336
1491903904 550031360
1491904214 550031360
1491904525 549982208
1491904825 550014976
1491905135 550047744
1491905445 550203392
1491905755 550199296
1491906056 550158336
1491906366 550170624
1491906676 550170624
1491906987 550166528
1491907297 550203392
1491907607 550207488
1491907917 550227968
1491908218 550187008
1491908528 550068224
1491908838 550027264
1491909148 550027264
1491909449 550170624
1491909759 550195200
1491910069 550129664
1491910380 550125568
1491910680 550064128
1491910990 550178816
1491911300 550236160
1491911601 550125568
1491911911 550187008
1491912221 550178816
1491912531 550158336
1491912832 550174720
1491913142 550191104
1491913452 550223872
1491913763 550223872
1491914063 550080512
1491914373 550051840
1491914683 550146048
1491914984 550273024
1491915294 550096896
1491915604 550129664
1491915914 550084608
1491916215 550105088
1491916525 550281216
1491916835 550219776
1491917146 550207488
1491917456 550379520
1491917766 550174720
1491918076 550150144
1491918377 550113280
1491918687 550092800
1491918997 550076416
1491919308 550129664
1491919608 550117376
1491919918 550260736
1491920228 550432768
1491920538 550326272
1491920839 550318080
1491921149 550297600
1491921459 550342656
1491921760 550285312
1491922070 550301696
1491922380 550252544
1491922690 550092800
1491922991 550293504
1491923301 550232064
1491923611 550223872
1491923921 550227968
1491924222 550195200
1491924532 550129664
1491924842 550273024
1491925153 550248448
1491925453 550236160
1491925763 550187008
1491926073 550117376
1491926374 550252544
1491926684 550268928
1491926994 550191104
1491927305 550219776
1491927605 550268928
1491927915 550256640
1491928225 550227968
1491928526 550289408
1491928836 550141952
1491929146 550166528
1491929457 550412288
1491929757 551571456
1491930067 550301696
1491930377 550203392
1491930688 550203392
1491930988 550199296
1491931298 550162432
1491931608 550191104
1491931918 550129664
1491932219 550227968
1491932529 551378944
1491932839 550334464
1491933140 550223872
1491933450 550166528
1491933760 550326272
1491934070 550236160
1491934371 550313984
1491934681 550297600
1491934991 550297600
1491935301 550264832
1491935602 551419904
1491935912 550146048
1491936222 550215680
1491936523 550207488
1491936833 550297600
1491937143 550207488
1491937453 550207488
1491937754 550182912
1491938064 550248448
1491938374 550248448
1491938684 550457344
1491938985 550252544
1491939295 550219776
1491939605 550219776
1491939915 550252544
1491940216 550236160
1491940526 550285312
1491940836 550305792
1491941146 550268928
1491941447 550285312
1491941757 550187008
1491942067 550260736
1491942368 550260736
1491942678 550264832
1491942988 550297600
1491943298 550330368
1491943599 550359040
1491943909 550297600
1491944219 550330368
1491944530 550338560
1491944830 550334464
1491945140 550170624
1491945450 550178816
1491945751 550240256
1491946061 550223872
1491946371 550240256
1491946681 551153664
1491946982 550387712
1491947292 550178816
1491947602 550256640
1491947913 550236160
1491948213 550264832
1491948523 550264832
1491948833 550285312
1491949134 550330368
1491949444 550285312
1491949754 550408192
1491950064 550301696
1491950375 550387712
1491950685 550191104
1491950995 550191104
1491951305 550178816
1491951606 550256640
1491951916 550268928
1491952226 550330368
1491952536 551780352
1491952837 550363136
1491953147 550223872
1491953457 550268928
1491953768 550330368
1491954068 550240256
1491954378 550359040
1491954688 550449152
1491954989 550273024
1491955299 550236160
1491955609 550273024
1491955919 550273024
1491956220 550305792
1491956530 550318080
1491956840 550408192
1491957141 550408192
1491957451 550256640
1491957761 550408192
1491958071 550395904
1491958372 550408192
1491958682 550363136
1491958992 550408192
1491959302 550203392
1491959603 550236160
1491959913 550285312
1491960223 550273024
1491960524 550305792
1491960834 550305792
1491961144 550338560
1491961454 550330368
1491961755 550404096
1491962065 550404096
1491962375 550457344
1491962685 550412288
1491962986 550215680
1491963296 550293504
1491963606 550285312
1491963916 550334464
1491964217 550330368
1491964527 550350848
1491964837 550522880
1491965148 550354944
1491965448 550240256
1491965758 550457344
1491966068 550420480
1491966379 550223872
1491966679 550305792
1491966989 550191104
1491967299 550236160
1491967610 550195200
1491967910 550264832
1491968220 550273024
1491968530 550264832
1491968840 550301696
1491969141 551497728
1491969451 550309888
1491969761 550342656
1491970071 550383616
1491970372 550354944
1491970682 550326272
1491970992 550395904
1491971303 551571456
1491971603 551579648
1491971913 550723584
1491972223 550756352
1491972533 550764544
1491972834 552370176
1491973144 550998016
1491973454 551018496
1491973764 550989824
1491974065 550858752
1491974375 550744064
1491974685 550694912
1491974995 552001536
1491975296 550834176
1491975606 550801408
1491975916 550760448
1491976227 550866944
1491976527 550666240
1491976837 550658048
1491977147 550707200
1491977448 550715392
1491977758 550764544
1491978068 550739968
1491978369 550776832
1491978679 550809600
1491978989 550809600
1491979299 550821888
1491979610 550940672
1491979910 550662144
1491980220 550920192
1491980530 550776832
1491980831 550805504
1491981141 550825984
1491981451 550797312
1491981761 550653952
1491982062 550805504
1491982372 550735872
1491982682 550637568
1491982983 550670336
1491983293 550694912
1491983603 550936576
1491983913 550838272
1491984224 550838272
1491984524 550842368
1491984834 550809600
1491985144 550920192
1491985445 550744064
1491985755 550703104
1491986065 550670336
1491986376 550682624
1491986676 550682624
1491986986 550760448
1491987296 550719488
1491987607 550686720
1491987917 550723584
1491988227 550686720
1491988538 552394752
1491988838 550920192
1491989148 550899712
1491989458 550801408
1491989759 550834176
1491990069 550834176
1491990379 550907904
1491990689 550866944
1491990990 550703104
1491991300 550752256
1491991610 550703104
1491991920 550703104
1491992221 550821888
1491992531 550735872
1491992841 550801408
1491993142 550768640
1491993452 550920192
1491993762 550731776
1491994073 550780928
1491994373 550707200
1491994683 550801408
1491994993 550789120
1491995303 550756352
1491995604 550871040
1491995914 550866944
1491996224 550866944
1491996534 550776832
1491996835 550793216
1491997145 550760448
1491997455 550785024
1491997756 550776832
1491998066 550928384
1491998376 550932480
1491998686 550965248
1491998987 550678528
1491999297 550817792
1491999607 550854656
1491999917 550760448
1492000218 550785024
1492000528 551116800
1492000838 550998016
1492001139 550891520
1492001449 551231488
1492001759 551227392
1492002069 551170048
1492002370 551260160
1492002680 551120896
1492002990 551317504
1492003301 551305216
1492003601 552534016
1492003911 551198720
1492004221 551165952
1492004522 551284736
1492004832 551260160
1492005142 551305216
1492005452 551219200
1492005753 551202816
1492006063 551407616
1492006373 551182336
1492006684 551231488
1492006984 551141376
1492007294 551141376
1492007604 551141376
1492007914 551235584
1492008215 551260160
1492008525 551313408
1492008835 551268352
1492009146 551337984
1492009446 551227392
1492009756 551288832
1492010066 551251968
1492010377 551403520
1492010677 551321600
1492010987 552361984
1492011297 551333888
1492011598 551264256
1492011908 551170048
1492012218 551227392
1492012528 551456768
1492012829 551428096
1492013139 551358464
1492013449 551346176
1492013750 552427520
1492014060 551284736
1492014370 551157760
1492014680 551366656
1492014981 551251968
1492015291 551538688
1492015601 551239680
1492015911 551337984
1492016222 551280640
1492016522 551358464
1492016832 551337984
1492017142 551231488
1492017443 551161856
1492017753 551272448
1492018063 551288832
1492018374 551145472
1492018674 551301120
1492018984 551211008
1492019294 551346176
1492019595 551280640
1492019905 551182336
1492020215 551354368
1492020525 551145472
1492020826 551354368
1492021136 551268352
1492021446 551186432
1492021756 551440384
1492022057 551182336
1492022367 551256064
1492022677 551301120
1492022988 551387136
1492023288 551473152
1492023598 551428096
1492023908 552570880
1492024209 553025536
1492024519 551587840
1492024829 551456768
1492025139 551456768
1492025440 551358464
1492025750 551284736
1492026060 551481344
1492026371 551358464
1492026671 551297024
1492026981 551559168
1492027291 551337984
1492027602 551555072
1492027902 551493632
1492028212 551415808
1492028522 551301120
1492028823 551464960
1492029133 551432192
1492029443 551493632
1492029754 551407616
1492030054 551436288
1492030364 551501824
1492030674 551460864
1492030985 551378944
1492031285 551522304
1492031595 551505920
1492031905 551419904
1492032206 551383040
1492032516 551374848
1492032826 551571456
1492033127 551387136
1492033437 551325696
1492033747 551497728
1492034057 551526400
1492034367 551591936
1492034668 551493632
1492034978 551374848
1492035288 551657472
1492035589 551485440
1492035899 551366656
1492036209 551518208
1492036510 551493632
1492036820 551399424
1492037130 551387136
1492037440 551591936
1492037741 551497728
1492038051 551464960
1492038361 551374848
1492038671 551542784
1492038972 551649280
1492039282 551546880
1492039592 551546880
1492039902 551378944
1492040203 552656896
1492040513 551469056
1492040823 551497728
1492041134 551628800
1492041434 551489536
1492041744 551706624
1492042054 553164800
1492042364 551690240
1492042665 551587840
1492042975 551497728
1492043285 551505920
1492043596 551428096
1492043896 551661568
1492044206 551436288
1492044516 551415808
1492044817 551845888
1492045127 551997440
1492045437 552947712
1492045747 551854080
1492046048 551985152
1492046358 552050688
1492046668 552017920
1492046978 552001536
1492047279 551870464
1492047589 552984576
1492047899 552120320
1492048200 553492480
1492048510 553607168
1492048820 552026112
1492049130 551895040
1492049431 552103936
1492049741 552054784
1492050051 553422848
1492050361 551936000
1492050662 552054784
1492050972 552001536
1492051282 551976960
1492051593 551960576
1492051893 552095744
1492052203 552075264
1492052513 552001536
1492052814 553062400
1492053124 552099840
1492053434 552017920
1492053735 552005632
1492054045 551952384
1492054355 552071168
1492054666 552075264
1492054966 552792064
1492055276 551956480
1492055586 551960576
1492055887 551866368
1492056197 552017920
1492056507 553103360
1492056817 551895040
1492057128 551960576
1492057428 552120320
1492057738 552394752
1492058048 553922560
1492058349 552501248
1492058659 552488960
1492058969 552427520
1492059270 552427520
1492059580 554090496
1492059890 552521728
1492060201 552509440
1492060501 552443904
1492060811 552427520
1492061121 552341504
1492061431 552407040
1492061732 552370176
1492062042 552542208
1492062352 552509440
1492062663 552513536
1492062963 552476672
1492063273 552382464
1492063583 552448000
1492063893 552468480
1492064194 552390656
1492064504 552595456
1492064814 552517632
1492065125 552460288
1492065425 552472576
1492065735 552357888
1492066045 552521728
1492066346 552460288
1492066656 552423424
1492066966 552116224
1492067276 552099840
1492067577 552263680
1492067887 552144896
1492068197 552226816
1492068507 552292352
1492068808 553775104
1492069118 552300544
1492069428 552230912
1492069739 552230912
1492070039 553312256
1492070349 553738240
1492070659 552329216
1492070960 552239104
1492071270 552325120
1492071580 552239104
1492071881 552173568
1492072191 552300544
1492072501 552157184
1492072811 555544576
1492073122 552243200
1492073422 552312832
1492073732 552247296
1492074042 552345600
1492074343 552247296
1492074653 552202240
1492074963 555122688
1492075274 553803776
1492075574 553967616
1492075884 555347968
1492076194 553914368
1492076495 555347968
1492076805 553963520
1492077115 553725952
1492077426 553926656
1492077726 552284160
1492078036 553717760
1492078346 553865216
1492078657 553975808
1492078957 553861120
1492079267 553857024
1492079577 552267776
1492079878 553975808
1492080188 552402944
1492080498 552300544
1492080808 552333312
1492081109 552230912
1492081419 552312832
1492081729 552435712
1492082039 552275968
1492082349 552247296
1492082650 553963520
1492082960 552341504
1492083270 552288256
1492083571 552267776
1492083881 552435712
1492084191 553873408
1492084501 552280064
1492084802 552411136
1492085112 552341504
1492085422 552431616
1492085732 552398848
1492086033 552439808
1492086343 552378368
1492086653 552349696
1492086954 552284160
1492087264 552419328
1492087574 552321024
1492087885 552460288
1492088185 552415232
1492088495 552550400
1492088805 552656896
1492089116 552652800
1492089416 552595456
1492089726 552574976
1492090036 552726528
1492090337 552607744
1492090647 552534016
1492090957 552693760
1492091267 552603648
1492091568 552722432
1492091878 554151936
1492092188 552517632
1492092489 552632320
1492092799 552574976
1492093109 552697856
1492093420 552681472
1492093730 552738816
1492094040 559132672
1492094350 552660992
1492094651 552620032
1492094961 552620032
1492095271 552685568
1492095581 552685568
1492095882 553496576
1492096192 552665088
1492096502 552652800
1492096812 552636416
1492097113 552652800
1492097423 552652800
1492097733 552665088
1492098034 552640512
1492098344 552652800
1492098654 552697856
1492098964 552747008
1492099265 552718336
1492099575 552652800
1492099885 552620032
1492100196 552669184
1492100496 552624128
1492100806 552624128
1492101116 552652800
1492101417 554242048
1492101727 552689664
1492102037 552771584
1492102348 552722432
1492102648 552493056
1492102958 552554496
1492103268 552591360
1492103578 552550400
1492103879 552624128
1492104189 552660992
1492104499 552710144
1492104809 552660992
1492105110 552673280
1492105420 552779776
1492105730 552714240
1492106040 552730624
1492106341 552734720
1492106651 552681472
1492106961 552669184
1492107271 552652800
1492107572 552607744
1492107882 552660992
1492108192 552611840
1492108502 552624128
1492108803 552632320
1492109113 552759296
1492109423 552730624
1492109733 552767488
1492110034 552779776
1492110344 552767488
1492110654 552779776
1492110964 552828928
1492111265 552882176
1492111575 552882176
1492111885 552873984
1492112196 552927232
1492112496 552894464
1492112806 552931328
1492113116 552935424
1492113427 552857600
1492113727 552865792
1492114037 552939520
1492114347 552947712
1492114648 552755200
1492114958 552779776
1492115268 552783872
1492115578 552837120
1492115879 552792064
1492116189 552960000
1492116499 552976384
1492116809 552898560
1492117110 552931328
1492117420 552976384
1492117730 552787968
1492118031 552792064
1492118341 552824832
1492118651 552894464
1492118961 552939520
1492119262 552861696
1492119572 552857600
1492119882 552910848
1492120193 552898560
1492120493 552935424
1492120803 552882176
1492121113 552890368
1492121414 554504192
1492121724 552951808
1492122034 553009152
1492122344 553046016
1492122645 552873984
1492122955 552878080
1492123265 552947712
1492123575 552878080
1492123876 552919040
1492124186 552914944
1492124496 552910848
1492124806 552984576
1492125107 553050112
1492125417 553062400
1492125727 553000960
1492126037 553078784
1492126338 553103360
1492126648 552865792
1492126958 552960000
1492127259 552960000
1492127569 552902656
1492127879 553099264
1492128189 552894464
1492128500 552906752
1492128800 552972288
1492129110 553021440
1492129420 553005056
1492129730 553107456
1492130031 553127936
1492130341 553058304
1492130651 553095168
1492130961 553181184
1492131262 553127936
1492131572 552988672
1492131882 553111552
1492132183 552984576
1492132493 553181184
1492132803 553185280
1492133114 553205760
1492133414 553025536
1492133724 553054208
1492134034 553058304
1492134335 554729472
1492134645 553238528
1492134955 553226240
1492135265 553033728
1492135566 553066496
1492135876 554729472
1492136186 553074688
1492136497 553070592
1492136797 553148416
1492137107 553136128
1492137417 553205760
1492137718 553140224
1492138028 553250816
1492138338 553095168
1492138648 553082880
1492138949 553099264
1492139259 553123840
1492139569 553209856
1492139870 553230336
1492140180 554659840
1492140490 553119744
1492140800 553156608
1492141101 554364928
1492141411 553119744
1492141721 553103360
1492142032 553197568
1492142332 553127936
1492142642 553160704
1492142953 553177088
1492143253 553197568
1492143563 553238528
1492143873 553287680
1492144183 554467328
1492144494 556261376
1492144804 554946560
1492145114 554389504
1492145424 553160704
1492145725 553259008
1492146035 553259008
1492146345 553328640
1492146655 553357312
1492146966 553332736
1492147276 553336832
1492147586 553336832
1492147896 553332736
1492148197 553283584
1492148507 553336832
1492148817 557756416
1492149128 553320448
1492149428 553332736
1492149738 553197568
1492150048 553254912
1492150358 553254912
1492150659 553246720
1492150969 553373696
1492151279 553353216
1492151589 553304064
1492151890 553361408
1492152200 553328640
1492152510 553299968
1492152820 553267200
1492153131 553213952
1492153431 553385984
1492153741 553373696
1492154051 553365504
1492154352 553594880
1492154662 553426944
1492154972 555003904
1492155282 554594304
1492155583 553463808
1492155893 553607168
1492156203 553422848
1492156514 553525248
1492156814 553529344
1492157124 553590784
1492157434 553529344
1492157745 553623552
1492158045 553623552
1492158355 553431040
1492158665 553435136
1492158975 553496576
1492159276 553443328
1492159586 553463808
1492159896 553500672
1492160206 553508864
1492160507 553529344
1492160817 553435136
1492161127 553533440
1492161438 553545728
1492161738 553541632
1492162048 553508864
1492162358 553500672
1492162659 553508864
1492162969 553476096
1492163279 553476096
1492163590 553431040
1492163890 553476096
1492164200 553426944
1492164510 553476096
1492164820 553627648
1492165121 553607168
1492165431 553574400
1492165741 553558016
1492166051 553639936
1492166352 553635840
1492166662 553578496
1492166972 553578496
1492167282 553500672
1492167583 553422848
1492167893 553619456
1492168203 553578496
1492168514 553607168
1492168814 553586688
1492169124 553586688
1492169434 553598976
1492169735 553533440
1492170045 553476096
1492170355 553644032
1492170665 553644032
1492170976 553570304
1492171276 553558016
1492171586 553537536
1492171896 553590784
1492172197 553517056
1492172507 553725952
1492172817 553721856
1492173127 553730048
1492173428 553697280
1492173738 553680896
1492174048 553734144
1492174359 553746432
1492174659 553730048
1492174969 553697280
1492175279 553668608
1492175580 553742336
1492175890 553709568
1492176200 553676800
1492176510 553639936
1492176811 553807872
1492177121 553697280
1492177431 553730048
1492177741 555048960
1492178052 553779200
1492178352 553758720
1492178662 553598976
1492178972 553734144
1492179273 553635840
1492179583 553771008
1492179893 555266048
1492180203 553840640
1492180504 553820160
1492180814 554926080
1492181124 553783296
1492181434 553693184
1492181735 553684992
1492182045 553897984
1492182355 553783296
1492182665 553758720
1492182966 553762816
1492183276 553701376
1492183586 553848832
1492183896 553852928
1492184197 553795584
1492184507 553783296
1492184817 553791488
1492185127 553779200
1492185428 553754624
1492185738 553865216
1492186048 553730048
1492186349 553758720
1492186659 553803776
1492186969 553750528
1492187279 553684992
1492187580 553672704
1492187890 553791488
1492188200 553771008
1492188510 553775104
1492188811 553725952
1492189121 553676800
1492189431 553840640
1492189732 553758720
1492190042 553811968
1492190352 553779200
1492190662 553775104
1492190972 553750528
1492191273 553717760
1492191583 553717760
1492191893 553730048
1492192203 553697280
1492192504 553717760
1492192814 553857024
1492193124 553832448
1492193434 553811968
1492193735 553828352
1492194045 553803776
1492194355 553828352
1492194666 553828352
1492194966 553799680
1492195276 553795584
1492195586 553840640
1492195897 553701376
1492196197 553754624
1492196507 553840640
1492196817 553902080
1492197127 553906176
1492197428 553865216
1492197738 553832448
1492198048 553844736
1492198359 553984000
1492198659 553947136
1492198969 553934848
1492199279 553955328
1492199589 553889792
1492199890 553832448
1492200200 553955328
1492200510 553959424
1492200821 553951232
1492201121 553959424
1492201431 553930752
1492201741 553836544
1492202042 553832448
1492202352 553889792
1492202662 553893888
1492202972 553869312
1492203273 553852928
1492203583 553926656
1492203893 553906176
1492204203 555401216
1492204504 553897984
1492204814 553865216
1492205124 553861120
1492205425 553881600
1492205735 553877504
1492206045 553910272
1492206355 553992192
1492206656 553783296
1492206966 554758144
1492207276 553893888
1492207587 553906176
1492207887 553926656
1492208197 553992192
1492208507 553865216
1492208817 553914368
1492209118 553947136
1492209428 553967616
1492209738 554045440
1492210039 553861120
1492210349 553918464
1492210659 554024960
1492210969 554037248
1492211270 553840640
1492211580 553893888
1492211890 556036096
1492212201 553914368
1492212511 553902080
1492212821 554045440
1492213131 554008576
1492213432 553889792
1492213742 554041344
1492214052 554024960
1492214362 554000384
1492214663 553963520
1492214973 554045440
1492215283 553865216
1492215593 553947136
1492215894 553836544
1492216204 553910272
1492216514 555048960
1492216824 554029056
1492217125 553992192
1492217435 554029056
1492217745 554061824
1492218046 554049536
1492218356 553996288
1492218666 553938944
1492218977 553955328
1492219277 554000384
1492219587 553971712
1492219897 554008576
1492220208 554041344
1492220508 553910272
1492220818 553934848
1492221128 553967616
1492221429 554008576
1492221739 554016768
1492222049 553951232
1492222359 554016768
1492222660 554008576
1492222970 554000384
1492223280 554045440
1492223591 554237952
1492223891 554262528
1492224201 554209280
1492224511 553967616
1492224812 554061824
1492225122 554438656
1492225432 553918464
1492225742 554209280
1492226043 554291200
1492226353 553984000
1492226663 554053632
1492226974 554004480
1492227284 554004480
1492227594 553992192
1492227904 553951232
1492228214 553971712
1492228515 553963520
1492228825 553955328
1492229135 553951232
1492229436 554000384
1492229746 554004480
1492230056 554020864
1492230366 555282432
1492230667 555257856
1492230977 555266048
1492231287 555253760
1492231588 555261952
1492231898 555294720
1492232208 554024960
1492232518 553971712
1492232819 554012672
1492233129 554106880
1492233439 554020864
1492233750 554094592
1492234050 554020864
1492234360 554053632
1492234670 554057728
1492234971 554090496
1492235281 553926656
1492235591 553926656
1492235902 553955328
1492236202 553963520
1492236512 553930752
1492236822 553963520
1492237123 553967616
1492237433 554000384
1492237743 554033152
1492238053 554061824
1492238363 554037248
1492238664 555716608
1492238974 555507712
1492239284 553963520
1492239585 553934848
1492239895 555737088
1492240205 553947136
1492240516 553947136
1492240816 553938944
1492241126 553979904
1492241436 553979904
1492241747 554041344
1492242047 554004480
1492242357 554004480
1492242667 555724800
1492242978 555565056
1492243278 554995712
1492243588 557690880
1492243898 556138496
1492244199 556527616
1492244509 554881024
1492244819 554897408
1492245120 554094592
1492245430 554176512
1492245740 553979904
1492246051 555794432
1492246351 554057728
1492246661 554020864
1492246971 554151936
1492247272 555708416
1492247582 554016768
1492247892 554196992
1492248203 554131456
1492248503 554135552
1492248813 554164224
1492249123 554131456
1492249433 554008576
1492249734 554135552
1492250044 554024960
1492250354 554078208
1492250665 554049536
1492250965 553992192
1492251275 554000384
1492251585 554176512
1492251896 554061824
1492252206 554033152
1492252516 553967616
1492252826 554102784
1492253127 554131456
1492253437 554070016
1492253747 554070016
1492254057 554004480
1492254358 554119168
1492254668 554172416
1492254978 554139648
1492255279 554119168
1492255589 554156032
1492255899 554110976
1492256209 554029056
1492256520 554045440
1492256820 560287744
1492257130 588709888
1492257431 581795840
1492257741 567070720
1492258042 1195900928
1492258344 559771648
1492258644 562057216
1492258954 562581504
1492259265 590618624
1492259565 562728960
1492259875 606289920
