1491738974 5
1491739284 7
1491739594 7
1491739905 6
1491740205 6
1491740515 6
1491740825 6
1491741126 8
1491741436 8
1491741746 8
1491742056 9
1491742366 13
1491742667 13
1491742977 15
1491743287 17
1491743597 19
1491743898 21
1491744208 23
1491744518 25
1491744828 27
1491745129 30
1491745439 31
1491745749 31
1491746060 31
1491746360 31
1491746670 31
1491746980 31
1491747281 31
1491747591 31
1491747901 31
1491748211 31
1491748512 31
1491748822 31
1491749132 31
1491749442 31
1491749743 31
1491750053 31
1491750364 31
1491750664 31
1491750974 31
1491751284 31
1491751585 31
1491751895 31
1491752205 31
1491752515 31
1491752816 31
1491753126 31
1491753436 31
1491753747 31
1491754047 31
1491754357 31
1491754667 31
1491754968 31
1491755278 31
1491755588 31
1491755898 31
1491756199 31
1491756509 31
1491756819 31
1491757129 31
1491757440 31
1491757740 31
1491758050 31
1491758360 31
1491758661 31
1491758971 31
1491759281 31
1491759592 31
1491759892 31
1491760202 31
1491760512 31
1491760822 31
1491761123 31
1491761433 31
1491761743 31
1491762053 31
1491762354 31
1491762664 31
1491762974 31
1491763285 31
1491763585 31
1491763895 32
1491764205 31
1491764506 31
1491764816 31
1491765126 31
1491765436 31
1491765737 31
1491766047 31
1491766357 31
1491766667 31
1491766977 31
1491767278 31
1491767588 31
1491767898 31
1491768208 31
1491768518 31
1491768819 31
1491769129 31
1491769439 31
1491769749 31
1491770050 31
1491770360 31
1491770670 31
1491770980 31
1491771291 31
1491771591 31
1491771901 31
1491772211 31
1491772522 31
1491772822 31
1491773132 31
1491773442 31
1491773753 31
1491774053 31
1491774363 31
1491774673 31
1491774984 31
1491775284 31
1491775594 31
1491775904 31
1491776215 31
1491776515 31
1491776825 31
1491777135 31
1491777446 31
1491777746 31
1491778056 31
1491778366 31
1491778677 31
1491778977 31
1491779287 31
1491779597 31
1491779907 31
1491780208 31
1491780518 31
1491780828 31
1491781138 31
1491781439 31
1491781749 31
1491782059 31
1491782369 31
1491782670 31
1491782980 31
1491783290 31
1491783600 31
1491783911 31
1491784211 31
1491784521 31
1491784831 31
1491785132 31
1491785442 31
1491785752 31
1491786062 31
1491786363 31
1491786673 31
1491786983 31
1491787293 31
1491787594 31
1491787904 31
1491788214 31
1491788524 31
1491788825 31
1491789135 31
1491789445 31
1491789756 31
1491790056 31
1491790366 31
1491790676 31
1491790977 31
1491791287 31
1491791597 31
1491791907 31
1491792208 31
1491792518 31
1491792828 31
1491793129 31
1491793439 31
1491793749 31
1491794059 31
1491794360 31
1491794670 31
1491794980 31
1491795290 31
1491795591 31
1491795901 31
1491796211 31
1491796512 31
1491796822 31
1491797132 31
1491797443 31
1491797743 31
1491798053 31
1491798363 31
1491798674 31
1491798974 31
1491799284 31
1491799594 31
1491799905 31
1491800205 31
1491800515 31
1491800825 31
1491801126 31
1491801436 31
1491801746 31
1491802056 31
1491802357 31
1491802667 31
1491802977 31
1491803278 31
1491803588 31
1491803898 31
1491804208 31
1491804519 31
1491804819 31
1491805129 31
1491805439 31
1491805749 31
1491806050 31
1491806360 31
1491806670 31
1491806981 31
1491807281 31
1491807591 31
1491807901 31
1491808202 31
1491808512 31
1491808822 31
1491809133 31
1491809433 31
1491809743 31
1491810053 31
1491810354 31
1491810664 31
1491810974 31
1491811284 31
1491811595 31
1491811895 31
1491812205 31
1491812515 31
1491812816 31
1491813126 31
1491813436 31
1491813737 31
1491814047 31
1491814357 31
1491814667 31
1491814968 31
1491815278 31
1491815588 31
1491815898 31
1491816199 31
1491816509 31
1491816819 31
1491817129 31
1491817430 31
1491817740 31
1491818050 31
1491818360 31
1491818661 31
1491818971 31
1491819281 31
1491819582 31
1491819892 31
1491820202 31
1491820512 31
1491820822 31
1491821133 31
1491821433 31
1491821743 31
1491822053 31
1491822354 31
1491822664 31
1491822974 31
1491823275 31
1491823585 31
1491823895 31
1491824206 31
1491824506 31
1491824816 31
1491825126 31
1491825427 31
1491825737 31
1491826047 31
1491826357 31
1491826658 31
1491826968 31
1491827278 31
1491827588 31
1491827889 31
1491828199 31
1491828509 31
1491828819 31
1491829120 31
1491829430 31
1491829740 31
1491830050 31
1491830351 31
1491830661 31
1491830971 31
1491831281 31
1491831582 31
1491831892 31
1491832202 31
1491832512 31
1491832822 31
1491833123 31
1491833433 31
1491833743 31
1491834053 31
1491834354 31
1491834664 31
1491834974 31
1491835284 31
1491835585 31
1491835895 31
1491836205 31
1491836515 31
1491836826 31
1491837126 31
1491837436 31
1491837746 31
1491838057 31
1491838357 31
1491838667 31
1491838977 31
1491839287 31
1491839588 31
1491839898 31
1491840208 31
1491840518 31
1491840819 31
1491841129 31
1491841439 31
1491841740 31
1491842050 31
1491842360 31
1491842670 31
1491842971 31
1491843281 31
1491843591 31
1491843902 31
1491844212 31
1491844522 31
1491844832 31
1491845133 31
1491845443 31
1491845753 31
1491846063 31
1491846364 31
1491846674 31
1491846984 31
1491847295 31
1491847605 31
1491847915 31
1491848225 31
1491848526 31
1491848836 31
1491849146 31
1491849456 31
1491849757 31
1491850067 31
1491850377 31
1491850678 31
1491850988 31
1491851298 31
1491851599 31
1491851909 31
1491852219 31
1491852529 31
1491852830 31
1491853140 31
1491853450 31
1491853760 31
1491854061 31
1491854371 31
1491854681 31
1491854982 31
1491855292 31
1491855602 31
1491855912 31
1491856213 31
1491856523 31
1491856833 31
1491857134 31
1491857444 31
1491857754 31
1491858064 31
1491858365 31
1491858675 31
1491858985 31
1491859295 31
1491859596 31
1491859906 31
1491860216 31
1491860526 31
1491860837 31
1491861137 31
1491861447 31
1491861757 31
1491862067 31
1491862368 31
1491862678 31
1491862988 31
1491863289 31
1491863599 31
1491863909 31
1491864219 31
1491864520 31
1491864830 31
1491865140 31
1491865450 31
1491865751 31
1491866061 31
1491866371 31
1491866682 31
1491866992 31
1491867302 31
1491867612 31
1491867913 31
1491868223 31
1491868533 31
1491868844 31
1491869144 31
1491869454 31
1491869764 31
1491870065 31
1491870375 31
1491870685 31
1491870995 31
1491871296 31
1491871606 31
1491871916 31
1491872226 31
1491872527 31
1491872837 31
1491873147 31
1491873448 31
1491873758 31
1491874068 31
1491874378 31
1491874679 31
1491874989 31
1491875299 31
1491875609 31
1491875910 31
1491876220 31
1491876530 31
1491876840 31
1491877141 31
1491877451 31
1491877761 31
1491878062 31
1491878372 31
1491878682 31
1491878992 31
1491879293 31
1491879603 31
1491879913 31
1491880224 31
1491880524 31
1491880834 31
1491881144 31
1491881445 31
1491881755 31
1491882065 31
1491882376 31
1491882676 31
1491882986 31
1491883296 31
1491883606 31
1491883907 31
1491884217 31
1491884527 31
1491884837 31
1491885138 31
1491885448 31
1491885758 31
1491886069 31
1491886369 31
1491886679 31
1491886989 31
1491887290 31
1491887600 31
1491887910 31
1491888220 31
1491888531 31
1491888831 31
1491889141 31
1491889451 31
1491889762 31
1491890062 31
1491890372 31
1491890682 31
1491890983 31
1491891293 31
1491891603 31
1491891913 31
1491892214 31
1491892524 31
1491892834 31
1491893144 31
1491893445 31
1491893755 31
1491894065 31
1491894376 31
1491894676 31
1491894986 31
1491895297 31
1491895597 31
1491895907 31
1491896217 31
1491896528 31
1491896828 31
1491897138 31
1491897448 31
1491897749 31
1491898059 31
1491898369 31
1491898679 31
1491898980 31
1491899290 31
1491899600 31
1491899911 31
1491900211 31
1491900521 31
1491900831 31
1491901142 31
1491901442 31
1491901752 31
1491902062 31
1491902363 31
1491902673 31
1491902983 31
1491903294 31
1491903594 31
1491903904 31
1491904214 31
1491904525 31
1491904825 31
1491905135 31
1491905445 31
1491905755 31
1491906056 31
1491906366 31
1491906676 31
1491906987 31
1491907297 31
1491907607 31
1491907917 31
1491908218 31
1491908528 31
1491908838 31
1491909148 31
1491909449 31
1491909759 31
1491910069 31
1491910380 31
1491910680 31
1491910990 31
1491911300 31
1491911601 31
1491911911 31
1491912221 31
1491912531 31
1491912832 31
1491913142 31
1491913452 31
1491913763 31
1491914063 31
1491914373 31
1491914683 31
1491914984 31
1491915294 31
1491915604 31
1491915914 31
1491916215 31
1491916525 31
1491916835 31
1491917146 31
1491917456 31
1491917766 31
1491918076 31
1491918377 31
1491918687 31
1491918997 31
1491919308 31
1491919608 31
1491919918 31
1491920228 31
1491920538 31
1491920839 31
1491921149 31
1491921459 31
1491921760 31
1491922070 31
1491922380 31
1491922690 31
1491922991 31
1491923301 31
1491923611 31
1491923921 31
1491924222 31
1491924532 31
1491924842 31
1491925153 31
1491925453 31
1491925763 31
1491926073 31
1491926374 31
1491926684 31
1491926994 31
1491927305 31
1491927605 31
1491927915 31
1491928225 31
1491928526 31
1491928836 31
1491929146 31
1491929457 31
1491929757 31
1491930067 31
1491930377 31
1491930688 31
1491930988 31
1491931298 31
1491931608 31
1491931918 31
1491932219 31
1491932529 31
1491932839 31
1491933140 31
1491933450 31
1491933760 31
1491934070 31
1491934371 31
1491934681 31
1491934991 31
1491935301 31
1491935602 31
1491935912 31
1491936222 31
1491936523 31
1491936833 31
1491937143 31
1491937453 31
1491937754 31
1491938064 31
1491938374 31
1491938684 31
1491938985 31
1491939295 31
1491939605 31
1491939915 31
1491940216 31
1491940526 31
1491940836 31
1491941146 31
1491941447 31
1491941757 31
1491942067 31
1491942368 31
1491942678 31
1491942988 31
1491943298 31
1491943599 31
1491943909 31
1491944219 31
1491944530 31
1491944830 31
1491945140 31
1491945450 31
1491945751 31
1491946061 31
1491946371 31
1491946681 31
1491946982 31
1491947292 31
1491947602 31
1491947913 31
1491948213 31
1491948523 31
1491948833 31
1491949134 31
1491949444 31
1491949754 31
1491950064 31
1491950375 31
1491950685 31
1491950995 31
1491951305 31
1491951606 31
1491951916 31
1491952226 31
1491952536 31
1491952837 31
1491953147 31
1491953457 31
1491953768 31
1491954068 31
1491954378 31
1491954688 31
1491954989 31
1491955299 31
1491955609 31
1491955919 31
1491956220 31
1491956530 31
1491956840 31
1491957141 31
1491957451 31
1491957761 31
1491958071 31
1491958372 31
1491958682 31
1491958992 31
1491959302 31
1491959603 31
1491959913 31
1491960223 31
1491960524 31
1491960834 31
1491961144 31
1491961454 31
1491961755 31
1491962065 32
1491962375 31
1491962685 31
1491962986 31
1491963296 31
1491963606 31
1491963916 31
1491964217 31
1491964527 31
1491964837 31
1491965148 31
1491965448 31
1491965758 31
1491966068 31
1491966379 31
1491966679 31
1491966989 31
1491967299 31
1491967610 31
1491967910 31
1491968220 31
1491968530 31
1491968840 31
1491969141 31
1491969451 31
1491969761 31
1491970071 31
1491970372 31
1491970682 31
1491970992 31
1491971303 31
1491971603 31
1491971913 31
1491972223 31
1491972533 31
1491972834 31
1491973144 31
1491973454 31
1491973764 31
1491974065 31
1491974375 31
1491974685 31
1491974995 31
1491975296 31
1491975606 31
1491975916 31
1491976227 31
1491976527 31
1491976837 31
1491977147 31
1491977448 31
1491977758 31
1491978068 31
1491978369 31
1491978679 31
1491978989 31
1491979299 31
1491979610 31
1491979910 31
1491980220 31
1491980530 31
1491980831 31
1491981141 31
1491981451 31
1491981761 31
1491982062 31
1491982372 31
1491982682 31
1491982983 31
1491983293 31
1491983603 31
1491983913 31
1491984224 31
1491984524 31
1491984834 31
1491985144 31
1491985445 31
1491985755 31
1491986065 31
1491986376 31
1491986676 31
1491986986 31
1491987296 31
1491987607 31
1491987917 31
1491988227 31
1491988538 31
1491988838 31
1491989148 31
1491989458 31
1491989759 31
1491990069 31
1491990379 31
1491990689 31
1491990990 31
1491991300 31
1491991610 31
1491991920 31
1491992221 31
1491992531 31
1491992841 31
1491993142 31
1491993452 31
1491993762 31
1491994073 31
1491994373 31
1491994683 31
1491994993 31
1491995303 31
1491995604 31
1491995914 31
1491996224 31
1491996534 31
1491996835 31
1491997145 31
1491997455 31
1491997756 31
1491998066 31
1491998376 31
1491998686 31
1491998987 31
1491999297 31
1491999607 31
1491999917 31
1492000218 31
1492000528 31
1492000838 31
1492001139 31
1492001449 31
1492001759 31
1492002069 31
1492002370 31
1492002680 31
1492002990 31
1492003301 31
1492003601 31
1492003911 31
1492004221 31
1492004522 31
1492004832 31
1492005142 31
1492005452 31
1492005753 31
1492006063 31
1492006373 31
1492006684 31
1492006984 31
1492007294 31
1492007604 31
1492007914 31
1492008215 31
1492008525 31
1492008835 31
1492009146 31
1492009446 31
1492009756 31
1492010066 31
1492010377 31
1492010677 31
1492010987 31
1492011297 31
1492011598 31
1492011908 31
1492012218 31
1492012528 31
1492012829 31
1492013139 31
1492013449 31
1492013750 31
1492014060 31
1492014370 31
1492014680 31
1492014981 31
1492015291 31
1492015601 31
1492015911 31
1492016222 31
1492016522 31
1492016832 31
1492017142 31
1492017443 31
1492017753 31
1492018063 31
1492018374 31
1492018674 31
1492018984 31
1492019294 31
1492019595 31
1492019905 31
1492020215 31
1492020525 31
1492020826 31
1492021136 31
1492021446 31
1492021756 31
1492022057 31
1492022367 31
1492022677 31
1492022988 31
1492023288 31
1492023598 31
1492023908 31
1492024209 31
1492024519 31
1492024829 31
1492025139 31
1492025440 31
1492025750 31
1492026060 31
1492026371 31
1492026671 31
1492026981 31
1492027291 31
1492027602 31
1492027902 31
1492028212 31
1492028522 31
1492028823 31
1492029133 31
1492029443 31
1492029754 31
1492030054 31
1492030364 31
1492030674 31
1492030985 31
1492031285 31
1492031595 31
1492031905 31
1492032206 31
1492032516 31
1492032826 31
1492033127 31
1492033437 31
1492033747 31
1492034057 31
1492034367 31
1492034668 31
1492034978 31
1492035288 31
1492035589 31
1492035899 31
1492036209 31
1492036510 31
1492036820 31
1492037130 31
1492037440 31
1492037741 31
1492038051 31
1492038361 31
1492038671 31
1492038972 31
1492039282 31
1492039592 31
1492039902 31
1492040203 31
1492040513 31
1492040823 31
1492041134 31
1492041434 31
1492041744 31
1492042054 31
1492042364 31
1492042665 31
1492042975 31
1492043285 31
1492043596 31
1492043896 31
1492044206 31
1492044516 31
1492044817 31
1492045127 31
1492045437 31
1492045747 31
1492046048 31
1492046358 31
1492046668 31
1492046978 31
1492047279 31
1492047589 31
1492047899 31
1492048200 31
1492048510 31
1492048820 31
1492049130 31
1492049431 31
1492049741 31
1492050051 31
1492050361 31
1492050662 31
1492050972 31
1492051282 31
1492051593 31
1492051893 31
1492052203 31
1492052513 31
1492052814 31
1492053124 31
1492053434 31
1492053735 31
1492054045 31
1492054355 31
1492054666 31
1492054966 31
1492055276 31
1492055586 31
1492055887 31
1492056197 31
1492056507 31
1492056817 31
1492057128 31
1492057428 31
1492057738 31
1492058048 31
1492058349 31
1492058659 31
1492058969 31
1492059270 31
1492059580 31
1492059890 31
1492060201 31
1492060501 31
1492060811 31
1492061121 31
1492061431 31
1492061732 31
1492062042 31
1492062352 31
1492062663 31
1492062963 31
1492063273 31
1492063583 31
1492063893 31
1492064194 31
1492064504 31
1492064814 31
1492065125 31
1492065425 31
1492065735 31
1492066045 31
1492066346 31
1492066656 31
1492066966 31
1492067276 31
1492067577 31
1492067887 31
1492068197 31
1492068507 31
1492068808 31
1492069118 31
1492069428 31
1492069739 31
1492070039 31
1492070349 31
1492070659 31
1492070960 31
1492071270 31
1492071580 31
1492071881 31
1492072191 31
1492072501 31
1492072811 31
1492073122 31
1492073422 31
1492073732 31
1492074042 31
1492074343 31
1492074653 31
1492074963 31
1492075274 31
1492075574 31
1492075884 31
1492076194 31
1492076495 31
1492076805 31
1492077115 31
1492077426 31
1492077726 31
1492078036 31
1492078346 31
1492078657 31
1492078957 31
1492079267 31
1492079577 31
1492079878 31
1492080188 31
1492080498 31
1492080808 31
1492081109 31
1492081419 31
1492081729 31
1492082039 31
1492082349 31
1492082650 31
1492082960 31
1492083270 31
1492083571 31
1492083881 31
1492084191 31
1492084501 31
1492084802 31
1492085112 31
1492085422 31
1492085732 31
1492086033 31
1492086343 31
1492086653 31
1492086954 31
1492087264 31
1492087574 31
1492087885 31
1492088185 31
1492088495 31
1492088805 31
1492089116 31
1492089416 31
1492089726 31
1492090036 31
1492090337 31
1492090647 31
1492090957 31
1492091267 31
1492091568 31
1492091878 31
1492092188 31
1492092489 31
1492092799 31
1492093109 31
1492093420 31
1492093730 31
1492094040 31
1492094350 31
1492094651 31
1492094961 31
1492095271 31
1492095581 31
1492095882 31
1492096192 31
1492096502 31
1492096812 31
1492097113 31
1492097423 31
1492097733 31
1492098034 31
1492098344 31
1492098654 31
1492098964 31
1492099265 31
1492099575 31
1492099885 31
1492100196 31
1492100496 31
1492100806 31
1492101116 31
1492101417 31
1492101727 31
1492102037 31
1492102348 31
1492102648 31
1492102958 31
1492103268 31
1492103578 31
1492103879 31
1492104189 31
1492104499 31
1492104809 31
1492105110 31
1492105420 31
1492105730 31
1492106040 31
1492106341 31
1492106651 31
1492106961 31
1492107271 31
1492107572 31
1492107882 31
1492108192 31
1492108502 31
1492108803 31
1492109113 31
1492109423 31
1492109733 31
1492110034 31
1492110344 31
1492110654 31
1492110964 31
1492111265 31
1492111575 31
1492111885 31
1492112196 31
1492112496 31
1492112806 31
1492113116 31
1492113427 31
1492113727 31
1492114037 31
1492114347 31
1492114648 31
1492114958 31
1492115268 31
1492115578 31
1492115879 31
1492116189 31
1492116499 31
1492116809 31
1492117110 31
1492117420 31
1492117730 31
1492118031 31
1492118341 31
1492118651 31
1492118961 31
1492119262 31
1492119572 31
1492119882 31
1492120193 31
1492120493 31
1492120803 31
1492121113 31
1492121414 31
1492121724 31
1492122034 31
1492122344 31
1492122645 31
1492122955 31
1492123265 31
1492123575 31
1492123876 31
1492124186 31
1492124496 31
1492124806 31
1492125107 31
1492125417 31
1492125727 31
1492126037 31
1492126338 31
1492126648 31
1492126958 31
1492127259 31
1492127569 31
1492127879 31
1492128189 31
1492128500 31
1492128800 31
1492129110 31
1492129420 31
1492129730 31
1492130031 31
1492130341 31
1492130651 31
1492130961 31
1492131262 31
1492131572 31
1492131882 31
1492132183 31
1492132493 31
1492132803 31
1492133114 31
1492133414 31
1492133724 31
1492134034 31
1492134335 31
1492134645 31
1492134955 31
1492135265 31
1492135566 31
1492135876 31
1492136186 31
1492136497 31
1492136797 31
1492137107 31
1492137417 31
1492137718 31
1492138028 31
1492138338 31
1492138648 31
1492138949 31
1492139259 31
1492139569 31
1492139870 31
1492140180 31
1492140490 31
1492140800 31
1492141101 31
1492141411 31
1492141721 31
1492142032 31
1492142332 31
1492142642 31
1492142953 31
1492143253 31
1492143563 31
1492143873 31
1492144183 31
1492144494 31
1492144804 31
1492145114 31
1492145424 31
1492145725 31
1492146035 31
1492146345 31
1492146655 31
1492146966 31
1492147276 31
1492147586 31
1492147896 31
1492148197 31
1492148507 31
1492148817 31
1492149128 31
1492149428 32
1492149738 31
1492150048 31
1492150358 31
1492150659 31
1492150969 31
1492151279 31
1492151589 31
1492151890 31
1492152200 31
1492152510 31
1492152820 31
1492153131 31
1492153431 31
1492153741 31
1492154051 31
1492154352 31
1492154662 31
1492154972 31
1492155282 31
1492155583 31
1492155893 31
1492156203 31
1492156514 31
1492156814 31
1492157124 31
1492157434 31
1492157745 31
1492158045 31
1492158355 31
1492158665 31
1492158975 31
1492159276 31
1492159586 31
1492159896 31
1492160206 31
1492160507 31
1492160817 31
1492161127 31
1492161438 31
1492161738 31
1492162048 31
1492162358 31
1492162659 31
1492162969 31
1492163279 31
1492163590 31
1492163890 31
1492164200 31
1492164510 31
1492164820 31
1492165121 31
1492165431 31
1492165741 31
1492166051 31
1492166352 31
1492166662 31
1492166972 31
1492167282 31
1492167583 31
1492167893 31
1492168203 31
1492168514 31
1492168814 31
1492169124 31
1492169434 31
1492169735 31
1492170045 31
1492170355 31
1492170665 31
1492170976 31
1492171276 31
1492171586 31
1492171896 31
1492172197 31
1492172507 31
1492172817 31
1492173127 31
1492173428 31
1492173738 31
1492174048 31
1492174359 31
1492174659 31
1492174969 31
1492175279 31
1492175580 31
1492175890 31
1492176200 31
1492176510 31
1492176811 31
1492177121 31
1492177431 31
1492177741 31
1492178052 31
1492178352 31
1492178662 31
1492178972 31
1492179273 31
1492179583 31
1492179893 31
1492180203 31
1492180504 31
1492180814 31
1492181124 31
1492181434 31
1492181735 31
1492182045 31
1492182355 31
1492182665 31
1492182966 31
1492183276 31
1492183586 31
1492183896 31
1492184197 31
1492184507 31
1492184817 31
1492185127 31
1492185428 31
1492185738 31
1492186048 31
1492186349 31
1492186659 31
1492186969 31
1492187279 31
1492187580 31
1492187890 31
1492188200 31
1492188510 31
1492188811 31
1492189121 31
1492189431 31
1492189732 31
1492190042 31
1492190352 31
1492190662 31
1492190972 31
1492191273 31
1492191583 31
1492191893 31
1492192203 31
1492192504 31
1492192814 31
1492193124 31
1492193434 31
1492193735 31
1492194045 31
1492194355 31
1492194666 31
1492194966 31
1492195276 31
1492195586 31
1492195897 31
1492196197 31
1492196507 31
1492196817 31
1492197127 31
1492197428 31
1492197738 31
1492198048 31
1492198359 31
1492198659 31
1492198969 31
1492199279 31
1492199589 31
1492199890 31
1492200200 31
1492200510 31
1492200821 31
1492201121 31
1492201431 31
1492201741 31
1492202042 31
1492202352 31
1492202662 31
1492202972 31
1492203273 31
1492203583 31
1492203893 31
1492204203 31
1492204504 31
1492204814 31
1492205124 31
1492205425 31
1492205735 31
1492206045 31
1492206355 31
1492206656 31
1492206966 31
1492207276 31
1492207587 31
1492207887 31
1492208197 31
1492208507 31
1492208817 31
1492209118 31
1492209428 31
1492209738 31
1492210039 31
1492210349 31
1492210659 31
1492210969 31
1492211270 31
1492211580 31
1492211890 31
1492212201 31
1492212511 31
1492212821 31
1492213131 31
1492213432 31
1492213742 31
1492214052 31
1492214362 31
1492214663 31
1492214973 31
1492215283 31
1492215593 31
1492215894 31
1492216204 31
1492216514 31
1492216824 31
1492217125 31
1492217435 31
1492217745 31
1492218046 31
1492218356 31
1492218666 31
1492218977 31
1492219277 31
1492219587 31
1492219897 31
1492220208 31
1492220508 31
1492220818 31
1492221128 31
1492221429 31
1492221739 31
1492222049 31
1492222359 31
1492222660 31
1492222970 31
1492223280 31
1492223591 31
1492223891 31
1492224201 31
1492224511 31
1492224812 31
1492225122 31
1492225432 31
1492225742 31
1492226043 31
1492226353 31
1492226663 31
1492226974 31
1492227284 31
1492227594 31
1492227904 31
1492228214 31
1492228515 31
1492228825 31
1492229135 31
1492229436 31
1492229746 31
1492230056 31
1492230366 31
1492230667 31
1492230977 31
1492231287 31
1492231588 31
1492231898 31
1492232208 31
1492232518 31
1492232819 31
1492233129 31
1492233439 31
1492233750 31
1492234050 31
1492234360 31
1492234670 31
1492234971 31
1492235281 31
1492235591 31
1492235902 32
1492236202 31
1492236512 31
1492236822 31
1492237123 31
1492237433 31
1492237743 31
1492238053 31
1492238363 31
1492238664 31
1492238974 31
1492239284 31
1492239585 31
1492239895 31
1492240205 31
1492240516 31
1492240816 31
1492241126 31
1492241436 31
1492241747 31
1492242047 31
1492242357 31
1492242667 31
1492242978 31
1492243278 31
1492243588 31
1492243898 31
1492244199 31
1492244509 31
1492244819 31
1492245120 31
1492245430 31
1492245740 31
1492246051 31
1492246351 31
1492246661 31
1492246971 31
1492247272 31
1492247582 31
1492247892 31
1492248203 31
1492248503 31
1492248813 31
1492249123 31
1492249433 31
1492249734 31
1492250044 31
1492250354 31
1492250665 31
1492250965 31
1492251275 31
1492251585 31
1492251896 31
1492252206 31
1492252516 31
1492252826 31
1492253127 31
1492253437 31
1492253747 31
1492254057 31
1492254358 31
1492254668 31
1492254978 31
1492255279 31
1492255589 31
1492255899 31
1492256209 31
1492256520 31
1492256820 31
1492257130 31
1492257431 31
1492257741 31
1492258042 31
1492258344 31
1492258644 31
1492258954 31
1492259265 31
1492259565 31
1492259875 33
