1491739284 0.2
1491739594 64.5369774919614
1491739905 0
1491740205 0
1491740515 35.6645161290323
1491740825 0.578778135048232
1491741126 29.2666666666667
1491741436 0
1491741746 0
1491742056 130.553054662379
1491742366 14.6225806451613
1491742667 20.9166666666667
1491742977 0.212903225806452
1491743287 75.158064516129
1491743597 16.8392282958199
1491743898 13.6433333333333
1491744208 227.345161290323
1491744518 247.64308681672
1491744828 188.145161290323
1491745129 183.166666666667
1491745439 289.329032258065
1491745749 27.8520900321543
1491746060 34.641935483871
1491746360 37.1528239202658
1491746670 30.941935483871
1491746980 28.4322580645161
1491747281 26.05
1491747591 78.6806451612903
1491747901 36.7709677419355
1491748211 27.7202572347267
1491748512 26.7133333333333
1491748822 28.5516129032258
1491749132 31.6012861736334
1491749442 28.358064516129
1491749743 26.7133333333333
1491750053 28.3870967741935
1491750364 34.8167202572347
1491750664 109.043333333333
1491750974 0.290322580645161
1491751284 0.212218649517685
1491751585 13.7666666666667
1491751895 26.7129032258065
1491752205 26.5594855305466
1491752515 33.3548387096774
1491752816 27.17
1491753126 81.4161290322581
1491753436 26.9646302250804
1491753747 28.5677419354839
1491754047 45.74
1491754357 27.1870967741935
1491754667 27.4469453376206
1491754968 59.7066666666667
1491755278 0
1491755588 0
1491755898 0
1491756199 0
1491756509 30.2
1491756819 0
1491757129 0
1491757440 0
1491757740 0
1491758050 0
1491758360 0
1491758661 0
1491758971 0.2
1491759281 0.212218649517685
1491759592 0.764516129032258
1491759892 0.22
1491760202 0
1491760512 0
1491760822 29.0891364902507
1491761123 0
1491761433 0
1491761743 0
1491762053 0
1491762354 0
1491762664 0
1491762974 0
1491763285 0
1491763585 0
1491763895 0
1491764205 0
1491764506 0.666666666666667
1491764816 2.54838709677419
1491765126 0
1491765436 0
1491765737 0
1491766047 0.212903225806452
1491766357 0
1491766667 0.176848874598071
1491766977 0.212903225806452
1491767278 0
1491767588 0.212903225806452
1491767898 0
1491768208 0
1491768518 1.34838709677419
1491768819 0
1491769129 0.212903225806452
1491769439 0.212903225806452
1491769749 0
1491770050 0
1491770360 0
1491770670 0
1491770980 0.19935691318328
1491771291 0
1491771591 0.733333333333333
1491771901 0
1491772211 0.906752411575563
1491772522 0
1491772822 0
1491773132 0
1491773442 0
1491773753 0.17741935483871
1491774053 0
1491774363 0
1491774673 0
1491774984 0
1491775284 0.686666666666667
1491775594 0
1491775904 0
1491776215 0
1491776515 0
1491776825 0
1491777135 0.19935691318328
1491777446 0
1491777746 0.22
1491778056 0
1491778366 0.212218649517685
1491778677 0.2
1491778977 0
1491779287 12.8971061093248
1491779597 0
1491779907 0.212903225806452
1491780208 0.903333333333333
1491780518 0
1491780828 0
1491781138 0.174193548387097
1491781439 0.643333333333333
1491781749 0.212903225806452
1491782059 0
1491782369 0
1491782670 32.7460317460317
1491782980 0
1491783290 19.5466237942122
1491783600 0
1491783911 0.212903225806452
1491784211 0.22
1491784521 0.212903225806452
1491784831 0
1491785132 0.22
1491785442 0.212903225806452
1491785752 0.173633440514469
1491786062 0.638709677419355
1491786363 0.816666666666667
1491786673 19.7612903225806
1491786983 0.212903225806452
1491787293 12.2765273311897
1491787594 0.22
1491787904 0.212903225806452
1491788214 0
1491788524 0
1491788825 2.34666666666667
1491789135 0.212903225806452
1491789445 0.212218649517685
1491789756 0
1491790056 0
1491790366 2.27096774193548
1491790676 2.26366559485531
1491790977 0.22
1491791287 0.212903225806452
1491791597 0.212903225806452
1491791907 0
1491792208 0.22
1491792518 0.212903225806452
1491792828 0.212218649517685
1491793129 0.22
1491793439 0.212903225806452
1491793749 0
1491794059 0.212218649517685
1491794360 0.22
1491794670 0.212903225806452
1491794980 0.212903225806452
1491795290 0
1491795591 0.183333333333333
1491795901 1.69354838709677
1491796211 0.173633440514469
1491796512 1.55
1491796822 0
1491797132 0
1491797443 0
1491797743 0
1491798053 0.174193548387097
1491798363 0
1491798674 0
1491798974 0
1491799284 0
1491799594 0
1491799905 0
1491800205 0
1491800515 0
1491800825 0
1491801126 0
1491801436 0
1491801746 0
1491802056 0
1491802357 0
1491802667 0
1491802977 37.5434083601286
1491803278 0
1491803588 37.5935483870968
1491803898 0.174193548387097
1491804208 94.2540192926045
1491804519 34.5895061728395
1491804819 0
1491805129 0
1491805439 0
1491805749 0
1491806050 0
1491806360 0.174193548387097
1491806670 0
1491806981 0
1491807281 0
1491807591 0
1491807901 0
1491808202 0.18
1491808512 0
1491808822 0
1491809133 0
1491809433 0
1491809743 0.527331189710611
1491810053 0
1491810354 0
1491810664 0
1491810974 0
1491811284 0
1491811595 0
1491811895 0
1491812205 0
1491812515 0
1491812816 0
1491813126 0
1491813436 0.501607717041801
1491813737 0
1491814047 0
1491814357 0.173633440514469
1491814667 0.238709677419355
1491814968 0
1491815278 0
1491815588 0
1491815898 0
1491816199 0
1491816509 0
1491816819 0
1491817129 0
1491817430 0
1491817740 0
1491818050 0
1491818360 0
1491818661 0
1491818971 0
1491819281 0
1491819582 0
1491819892 0
1491820202 0
1491820512 0
1491820822 0
1491821133 0
1491821433 0
1491821743 0
1491822053 0
1491822354 0
1491822664 0
1491822974 0.173633440514469
1491823275 0
1491823585 0
1491823895 0
1491824206 0
1491824506 0
1491824816 0
1491825126 100.909967845659
1491825427 0
1491825737 0
1491826047 0
1491826357 31.8369230769231
1491826658 0.231578947368421
1491826968 0
1491827278 0
1491827588 0
1491827889 0
1491828199 0
1491828509 0
1491828819 0
1491829120 0
1491829430 0
1491829740 0.703225806451613
1491830050 0.212218649517685
1491830351 0
1491830661 0
1491830971 0.19935691318328
1491831281 0
1491831582 0.22
1491831892 0.212903225806452
1491832202 0
1491832512 0
1491832822 0
1491833123 0
1491833433 0
1491833743 0.212903225806452
1491834053 0
1491834354 0.22
1491834664 0
1491834974 0.212218649517685
1491835284 0.212903225806452
1491835585 0.22
1491835895 0.2
1491836205 0.212218649517685
1491836515 0
1491836826 0.212903225806452
1491837126 3.08666666666667
1491837436 0
1491837746 0.212218649517685
1491838057 0
1491838357 0
1491838667 1.27096774193548
1491838977 0.212218649517685
1491839287 0.212903225806452
1491839588 0
1491839898 0.174193548387097
1491840208 0
1491840518 0
1491840819 0
1491841129 0.212903225806452
1491841439 0.643086816720257
1491841740 0
1491842050 0.212903225806452
1491842360 0
1491842670 0
1491842971 0.206666666666667
1491843281 0.212903225806452
1491843591 0.212218649517685
1491843902 18.4225806451613
1491844212 0.212903225806452
1491844522 0.212218649517685
1491844832 2.27096774193548
1491845133 0
1491845443 0.212903225806452
1491845753 0
1491846063 1.19354838709677
1491846364 0
1491846674 0.212903225806452
1491846984 0.212218649517685
1491847295 0.212903225806452
1491847605 0.212903225806452
1491847915 0.641935483870968
1491848225 31.739263803681
1491848526 0.231578947368421
1491848836 0
1491849146 0
1491849456 0
1491849757 1.38
1491850067 0.212903225806452
1491850377 0.212218649517685
1491850678 0
1491850988 0.212903225806452
1491851298 0.212218649517685
1491851599 0.22
1491851909 0
1491852219 0
1491852529 0.173633440514469
1491852830 0
1491853140 0.212903225806452
1491853450 0.212218649517685
1491853760 0.212903225806452
1491854061 0
1491854371 0.212903225806452
1491854681 0
1491854982 0
1491855292 24.0903225806452
1491855602 0.212218649517685
1491855912 0.212903225806452
1491856213 0
1491856523 0.212903225806452
1491856833 0.212218649517685
1491857134 0.22
1491857444 0.212903225806452
1491857754 0.212903225806452
1491858064 0
1491858365 0.18
1491858675 0.212903225806452
1491858985 0.212218649517685
1491859295 0.212903225806452
1491859596 0
1491859906 0.648387096774194
1491860216 0
1491860526 0.212903225806452
1491860837 0.854838709677419
1491861137 0
1491861447 0.174193548387097
1491861757 0.212218649517685
1491862067 0.212903225806452
1491862368 0.22
1491862678 0.212903225806452
1491862988 0
1491863289 0.853333333333333
1491863599 0.2
1491863909 0
1491864219 0.858064516129032
1491864520 0
1491864830 0
1491865140 0
1491865450 0.212903225806452
1491865751 0.22
1491866061 0
1491866371 23.2797427652733
1491866682 0.212903225806452
1491866992 0
1491867302 0.212903225806452
1491867612 0
1491867913 0.22
1491868223 0.212903225806452
1491868533 0
1491868844 0.212903225806452
1491869144 0.22
1491869454 0
1491869764 0
1491870065 43.3365079365079
1491870375 3.22033898305085
1491870685 0.916398713826367
1491870995 0.645161290322581
1491871296 0.22
1491871606 0.212903225806452
1491871916 0
1491872226 16.1774193548387
1491872527 0.22
1491872837 0
1491873147 0.212218649517685
1491873448 0
1491873758 0.212903225806452
1491874068 6.18327974276527
1491874378 0.212903225806452
1491874679 0
1491874989 0
1491875299 0.212903225806452
1491875609 0
1491875910 0
1491876220 0.2
1491876530 0
1491876840 0
1491877141 8.14
1491877451 0
1491877761 0.19935691318328
1491878062 0
1491878372 0.212903225806452
1491878682 0.212903225806452
1491878992 0
1491879293 0.22
1491879603 0.2
1491879913 0
1491880224 0
1491880524 0.206666666666667
1491880834 0
1491881144 0.716129032258065
1491881445 0.22
1491881755 0
1491882065 1.18971061093248
1491882376 0.212903225806452
1491882676 0
1491882986 0.212903225806452
1491883296 0
1491883606 0.212903225806452
1491883907 0.22
1491884217 0
1491884527 3.18971061093248
1491884837 0
1491885138 0
1491885448 0.212903225806452
1491885758 0.212218649517685
1491886069 0
1491886369 0.219269102990033
1491886679 0
1491886989 0.212218649517685
1491887290 3.9
1491887600 0
1491887910 0.212903225806452
1491888220 0
1491888531 0.212903225806452
1491888831 0.22
1491889141 0.645161290322581
1491889451 0.19935691318328
1491889762 0
1491890062 0
1491890372 0.212903225806452
1491890682 0.212218649517685
1491890983 0
1491891293 0.212903225806452
1491891603 0
1491891913 32.1319018404908
1491892214 0
1491892524 0.212903225806452
1491892834 0.212218649517685
1491893144 0
1491893445 0.22
1491893755 0
1491894065 0.212218649517685
1491894376 0
1491894676 0.22
1491894986 2.26366559485531
1491895297 0
1491895597 0.22
1491895907 0
1491896217 0
1491896528 0.2
1491896828 0.22
1491897138 0.174193548387097
1491897448 0.655948553054662
1491897749 0.22
1491898059 0
1491898369 0.212218649517685
1491898679 0
1491898980 0.22
1491899290 0
1491899600 0
1491899911 0.212903225806452
1491900211 0
1491900521 0.212903225806452
1491900831 102.340836012862
1491901142 0.212903225806452
1491901442 0.22
1491901752 0
1491902062 0.212218649517685
1491902363 0
1491902673 0.212903225806452
1491902983 0.212218649517685
1491903294 0
1491903594 0.22
1491903904 0
1491904214 0.212218649517685
1491904525 0
1491904825 0.22
1491905135 0.212903225806452
1491905445 1.0096463022508
1491905755 0.212903225806452
1491906056 1.09333333333333
1491906366 0.212903225806452
1491906676 0
1491906987 0.212903225806452
1491907297 0
1491907607 0.2
1491907917 0
1491908218 0
1491908528 1.37096774193548
1491908838 0.19935691318328
1491909148 0
1491909449 0.22
1491909759 0
1491910069 0
1491910380 0.212903225806452
1491910680 189.703333333333
1491910990 0.212903225806452
1491911300 0
1491911601 104.83
1491911911 0
1491912221 0
1491912531 0.212218649517685
1491912832 0
1491913142 0
1491913452 0
1491913763 32.1388888888889
1491914063 0
1491914373 0.212903225806452
1491914683 0.212218649517685
1491914984 0.206666666666667
1491915294 0
1491915604 0.19935691318328
1491915914 0.212903225806452
1491916215 0
1491916525 0.174193548387097
1491916835 0
1491917146 0.212903225806452
1491917456 3.2
1491917766 0.212218649517685
1491918076 0.2
1491918377 0
1491918687 0.212903225806452
1491918997 0.212218649517685
1491919308 0.212903225806452
1491919608 0
1491919918 0.638709677419355
1491920228 2.26366559485531
1491920538 0.212903225806452
1491920839 0.22
1491921149 0.212903225806452
1491921459 0
1491921760 0
1491922070 0.212903225806452
1491922380 0
1491922690 0.212903225806452
1491922991 1.48666666666667
1491923301 0.212903225806452
1491923611 0.212903225806452
1491923921 0
1491924222 0.22
1491924532 0.212903225806452
1491924842 1.4983922829582
1491925153 0
1491925453 0.22
1491925763 0
1491926073 0
1491926374 0.22
1491926684 0
1491926994 0.212218649517685
1491927305 0.212903225806452
1491927605 0.22
1491927915 0
1491928225 0.212218649517685
1491928526 202.976666666667
1491928836 51.341935483871
1491929146 10.0514469453376
1491929457 99.9838709677419
1491929757 15.48
1491930067 1.59677419354839
1491930377 9.68167202572347
1491930688 0.212903225806452
1491930988 0.22
1491931298 0.212218649517685
1491931608 0
1491931918 0.212903225806452
1491932219 10.2566666666667
1491932529 3.20645161290323
1491932839 10.3311897106109
1491933140 0.22
1491933450 15.6354838709677
1491933760 0
1491934070 13.8096774193548
1491934371 0
1491934681 0
1491934991 0.173633440514469
1491935301 9.9258064516129
1491935602 42.8920634920635
1491935912 0.684745762711864
1491936222 0.212218649517685
1491936523 0.18
1491936833 0
1491937143 11.3151125401929
1491937453 0
1491937754 0.18
1491938064 0
1491938374 0.212903225806452
1491938684 2.26366559485531
1491938985 0
1491939295 0.212903225806452
1491939605 0.212218649517685
1491939915 0
1491940216 0.22
1491940526 0.212903225806452
1491940836 0.212218649517685
1491941146 0.858064516129032
1491941447 4.07
1491941757 1.23870967741935
1491942067 0.212218649517685
1491942368 0
1491942678 0
1491942988 0.212218649517685
1491943298 0.212903225806452
1491943599 0.22
1491943909 0.851612903225806
1491944219 0.212218649517685
1491944530 0.854838709677419
1491944830 0.22
1491945140 0
1491945450 0.212218649517685
1491945751 0.22
1491946061 0
1491946371 39.540192926045
1491946681 0.212903225806452
1491946982 1.25333333333333
1491947292 0.212903225806452
1491947602 0.19935691318328
1491947913 0
1491948213 0.22
1491948523 1.05806451612903
1491948833 0.212218649517685
1491949134 0.22
1491949444 0.2
1491949754 0
1491950064 0
1491950375 0.2
1491950685 0.212903225806452
1491950995 0.212903225806452
1491951305 0.212218649517685
1491951606 0
1491951916 0
1491952226 0
1491952536 52.5258064516129
1491952837 0.22
1491953147 0.212903225806452
1491953457 82.9389067524116
1491953768 0.854838709677419
1491954068 0.22
1491954378 0.212218649517685
1491954688 0.212903225806452
1491954989 0.22
1491955299 0.212903225806452
1491955609 0
1491955919 0.212218649517685
1491956220 0
1491956530 0.212903225806452
1491956840 0.212218649517685
1491957141 0
1491957451 10068.4018404908
1491957761 0.223728813559322
1491958071 5.8258064516129
1491958372 0.73
1491958682 0.212903225806452
1491958992 0.212218649517685
1491959302 19.9741935483871
1491959603 0
1491959913 0.174193548387097
1491960223 0
1491960524 0.22
1491960834 0.212903225806452
1491961144 0.212218649517685
1491961454 0
1491961755 0
1491962065 0
1491962375 0.212218649517685
1491962685 0.212903225806452
1491962986 0
1491963296 0.212903225806452
1491963606 0
1491963916 0
1491964217 0.22
1491964527 0
1491964837 26.8199356913183
1491965148 11.7225806451613
1491965448 0
1491965758 0
1491966068 0
1491966379 0.212903225806452
1491966679 0.22
1491966989 0
1491967299 0.212218649517685
1491967610 0.212903225806452
1491967910 0
1491968220 0
1491968530 0.212218649517685
1491968840 0.212903225806452
1491969141 3.20666666666667
1491969451 8.24838709677419
1491969761 0.212218649517685
1491970071 9.60967741935484
1491970372 1.79
1491970682 0.62258064516129
1491970992 0.212218649517685
1491971303 0.212903225806452
1491971603 0
1491971913 0.212903225806452
1491972223 0.19935691318328
1491972533 0.212903225806452
1491972834 1.04666666666667
1491973144 2.27096774193548
1491973454 13.0514469453376
1491973764 0
1491974065 0
1491974375 0.212903225806452
1491974685 0
1491974995 1.72668810289389
1491975296 9.89666666666667
1491975606 0.212903225806452
1491975916 0.212218649517685
1491976227 0.212903225806452
1491976527 0
1491976837 0.212903225806452
1491977147 0.212218649517685
1491977448 43.7833333333333
1491977758 0.212903225806452
1491978068 0.212218649517685
1491978369 0
1491978679 0.212903225806452
1491978989 0.212903225806452
1491979299 9820.50764525994
1491979610 12.3605442176871
1491979910 0.22
1491980220 9.39677419354839
1491980530 1.72668810289389
1491980831 0.22
1491981141 0
1491981451 0.212218649517685
1491981761 0.212903225806452
1491982062 0
1491982372 0
1491982682 0.212218649517685
1491982983 0
1491983293 0.212903225806452
1491983603 0.212903225806452
1491983913 11.4726688102894
1491984224 0.212903225806452
1491984524 0
1491984834 0.212903225806452
1491985144 0
1491985445 0.22
1491985755 0.212903225806452
1491986065 0
1491986376 0.645161290322581
1491986676 0
1491986986 0.212903225806452
1491987296 0
1491987607 0.212903225806452
1491987917 0.212903225806452
1491988227 0
1491988538 0.658064516129032
1491988838 13.3
1491989148 0
1491989458 10.1864951768489
1491989759 0.22
1491990069 0.212903225806452
1491990379 0.19935691318328
1491990689 2.16774193548387
1491990990 0.22
1491991300 0.174193548387097
1491991610 0.212218649517685
1491991920 0
1491992221 0
1491992531 0.212903225806452
1491992841 0
1491993142 11.65
1491993452 11.6032258064516
1491993762 0
1491994073 0.212903225806452
1491994373 0.22
1491994683 0
1491994993 0.212218649517685
1491995303 0.212903225806452
1491995604 0
1491995914 0.212903225806452
1491996224 1.11897106109325
1491996534 10.0838709677419
1491996835 0
1491997145 0.212903225806452
1491997455 0.212218649517685
1491997756 0
1491998066 102.561290322581
1491998376 0.212903225806452
1491998686 0.212218649517685
1491998987 0
1491999297 0.212903225806452
1491999607 0.212218649517685
1491999917 0
1492000218 0.22
1492000528 12.5967741935484
1492000838 0.212218649517685
1492001139 10162.1803797468
1492001449 0.224489795918367
1492001759 0
1492002069 0.212218649517685
1492002370 0.22
1492002680 0.212903225806452
1492002990 91.8135048231511
1492003301 0.212903225806452
1492003601 1.11666666666667
1492003911 8.66451612903226
1492004221 9.68167202572347
1492004522 0.883333333333333
1492004832 0
1492005142 0.212218649517685
1492005452 0.212903225806452
1492005753 0.22
1492006063 2.26366559485531
1492006373 0.212903225806452
1492006684 0
1492006984 0
1492007294 0.212903225806452
1492007604 0.212218649517685
1492007914 0.212903225806452
1492008215 0.22
1492008525 0
1492008835 0.212218649517685
1492009146 0.212903225806452
1492009446 0.206666666666667
1492009756 0.212903225806452
1492010066 0
1492010377 0.212903225806452
1492010677 0.22
1492010987 0.212903225806452
1492011297 0.212218649517685
1492011598 0
1492011908 0.212903225806452
1492012218 0.212218649517685
1492012528 3.2
1492012829 0
1492013139 0.212903225806452
1492013449 0
1492013750 0.206666666666667
1492014060 0.212903225806452
1492014370 0.212218649517685
1492014680 0.2
1492014981 0
1492015291 2.27096774193548
1492015601 0.212218649517685
1492015911 0.212903225806452
1492016222 0.212903225806452
1492016522 0
1492016832 0
1492017142 0.212218649517685
1492017443 0.22
1492017753 0.212903225806452
1492018063 0
1492018374 0.212903225806452
1492018674 0
1492018984 0.212218649517685
1492019294 0
1492019595 0.22
1492019905 0.212903225806452
1492020215 0.212218649517685
1492020525 0.212903225806452
1492020826 0
1492021136 0.212903225806452
1492021446 189.279742765273
1492021756 0
1492022057 0
1492022367 0
1492022677 57.3279742765273
1492022988 9849.60736196319
1492023288 0.232394366197183
1492023598 0.212903225806452
1492023908 0.212218649517685
1492024209 0.7
1492024519 0.212903225806452
1492024829 0.212218649517685
1492025139 0.212903225806452
1492025440 0
1492025750 0.212903225806452
1492026060 0.212218649517685
1492026371 0.212903225806452
1492026671 0
1492026981 0.212903225806452
1492027291 0.212218649517685
1492027602 0.212903225806452
1492027902 0
1492028212 0.212903225806452
1492028522 0.212218649517685
1492028823 0.22
1492029133 1.21935483870968
1492029443 0
1492029754 0.212903225806452
1492030054 0.22
1492030364 0.212903225806452
1492030674 0
1492030985 0.212903225806452
1492031285 0.22
1492031595 0.212903225806452
1492031905 0.212218649517685
1492032206 0
1492032516 0.212903225806452
1492032826 0.212218649517685
1492033127 0.22
1492033437 0
1492033747 0.2
1492034057 0.212218649517685
1492034367 1.19354838709677
1492034668 0.22
1492034978 0
1492035288 0
1492035589 0.22
1492035899 0.212903225806452
1492036209 0.212218649517685
1492036510 0
1492036820 0
1492037130 0.2
1492037440 0.173633440514469
1492037741 0
1492038051 0
1492038361 0
1492038671 0
1492038972 0
1492039282 0.174193548387097
1492039592 0
1492039902 0
1492040203 0.843333333333333
1492040513 0
1492040823 0
1492041134 0
1492041434 0.73
1492041744 0
1492042054 0.636655948553055
1492042364 13.4645161290323
1492042665 0
1492042975 0
1492043285 15.8231511254019
1492043596 0
1492043896 0
1492044206 0
1492044516 0
1492044817 10323.3101265823
1492045127 0
1492045437 0
1492045747 78.7877813504823
1492046048 0
1492046358 0
1492046668 3.07741935483871
1492046978 0
1492047279 0
1492047589 0
1492047899 0
1492048200 0.666666666666667
1492048510 0.174193548387097
1492048820 0
1492049130 0
1492049431 0
1492049741 0
1492050051 0
1492050361 0
1492050662 0.18
1492050972 0
1492051282 0
1492051593 0
1492051893 0
1492052203 0
1492052513 0
1492052814 0
1492053124 0
1492053434 0
1492053735 0
1492054045 0
1492054355 0
1492054666 0
1492054966 0
1492055276 0
1492055586 0
1492055887 0
1492056197 0
1492056507 1.08038585209003
1492056817 0
1492057128 0
1492057428 0
1492057738 0
1492058048 0
1492058349 0
1492058659 0
1492058969 0
1492059270 0
1492059580 1.4
1492059890 0
1492060201 0
1492060501 0
1492060811 0
1492061121 0
1492061431 0
1492061732 0
1492062042 0
1492062352 0
1492062663 0
1492062963 0
1492063273 0
1492063583 0
1492063893 0
1492064194 0
1492064504 0
1492064814 0
1492065125 0
1492065425 0
1492065735 0
1492066045 0
1492066346 0
1492066656 9849.67484662577
1492066966 0
1492067276 0
1492067577 0.663333333333333
1492067887 0
1492068197 0
1492068507 0.661290322580645
1492068808 0
1492069118 0
1492069428 0
1492069739 0
1492070039 0
1492070349 0
1492070659 0
1492070960 0
1492071270 0
1492071580 0
1492071881 0
1492072191 0
1492072501 0
1492072811 0
1492073122 0
1492073422 0
1492073732 0
1492074042 0
1492074343 0
1492074653 0
1492074963 0
1492075274 0
1492075574 17.8366666666667
1492075884 0
1492076194 0
1492076495 0
1492076805 0
1492077115 0
1492077426 0
1492077726 0.736666666666667
1492078036 0
1492078346 0
1492078657 0
1492078957 0
1492079267 61.3387096774194
1492079577 0
1492079878 0
1492080188 0
1492080498 0
1492080808 0
1492081109 0
1492081419 0
1492081729 0
1492082039 0
1492082349 0
1492082650 0
1492082960 0
1492083270 0
1492083571 1.12
1492083881 0
1492084191 0
1492084501 88.8161290322581
1492084802 0
1492085112 0.174193548387097
1492085422 0
1492085732 0.174193548387097
1492086033 0.22
1492086343 0
1492086653 0
1492086954 0
1492087264 0
1492087574 0
1492087885 0.174193548387097
1492088185 0.206666666666667
1492088495 9804.1696969697
1492088805 0
1492089116 0
1492089416 0
1492089726 0
1492090036 0
1492090337 0
1492090647 0
1492090957 0
1492091267 0
1492091568 0
1492091878 0
1492092188 0
1492092489 0
1492092799 0
1492093109 0
1492093420 0
1492093730 0
1492094040 0
1492094350 0
1492094651 0
1492094961 0
1492095271 40.1483870967742
1492095581 0
1492095882 0
1492096192 0
1492096502 0
1492096812 0
1492097113 0
1492097423 0
1492097733 0
1492098034 0
1492098344 0
1492098654 0
1492098964 0
1492099265 0
1492099575 0.635483870967742
1492099885 0
1492100196 0
1492100496 0
1492100806 0
1492101116 0
1492101417 0
1492101727 0
1492102037 0
1492102348 0
1492102648 0
1492102958 0
1492103268 0
1492103578 0
1492103879 0
1492104189 0
1492104499 0
1492104809 0
1492105110 0
1492105420 0
1492105730 0
1492106040 0
1492106341 0
1492106651 0.696774193548387
1492106961 0
1492107271 0
1492107572 0.66
1492107882 1.00645161290323
1492108192 0
1492108502 0
1492108803 0
1492109113 0
1492109423 0.212218649517685
1492109733 0
1492110034 0
1492110344 6561.03680981595
1492110654 1.05762711864407
1492110964 0
1492111265 0
1492111575 0
1492111885 0
1492112196 0
1492112496 0
1492112806 0.625806451612903
1492113116 0
1492113427 0
1492113727 0
1492114037 0
1492114347 0
1492114648 0.533333333333333
1492114958 0
1492115268 0
1492115578 0.761290322580645
1492115879 1.22666666666667
1492116189 0.2
1492116499 0
1492116809 0
1492117110 0
1492117420 0
1492117730 0
1492118031 0
1492118341 0.761290322580645
1492118651 0.174193548387097
1492118961 0
1492119262 0.736666666666667
1492119572 0
1492119882 0
1492120193 0
1492120493 0
1492120803 113.190322580645
1492121113 0.173633440514469
1492121414 0
1492121724 0.2
1492122034 1.0032154340836
1492122344 0
1492122645 0
1492122955 0
1492123265 0
1492123575 0
1492123876 0
1492124186 0
1492124496 51.2958199356913
1492124806 6.96129032258064
1492125107 9.71
1492125417 9.71290322580645
1492125727 3.34405144694534
1492126037 0
1492126338 10.0366666666667
1492126648 0
1492126958 0
1492127259 9.71
1492127569 3.7258064516129
1492127879 9.88709677419355
1492128189 1.0032154340836
1492128500 10.8225806451613
1492128800 0
1492129110 0
1492129420 9.68167202572347
1492129730 2.20645161290323
1492130031 10.0366666666667
1492130341 1.51935483870968
1492130651 10.1864951768489
1492130961 0
1492131262 10.0366666666667
1492131572 0
1492131882 10.0514469453376
1492132183 6773.29113924051
1492132493 11.5544217687075
1492132803 2.33762057877814
1492133114 0
1492133414 0
1492133724 0
1492134034 0.868167202572347
1492134335 1.79
1492134645 10.0838709677419
1492134955 1.51935483870968
1492135265 0
1492135566 0
1492135876 75.1322580645161
1492136186 29.2025723472669
1492136497 27.1064516129032
1492136797 0
1492137107 0
1492137417 24.6527331189711
1492137718 0.206666666666667
1492138028 11.5483870967742
1492138338 0
1492138648 0
1492138949 10.1766666666667
1492139259 0
1492139569 0
1492139870 0
1492140180 117.964516129032
1492140490 0
1492140800 0
1492141101 2.04333333333333
1492141411 9.49032258064516
1492141721 10.6752411575563
1492142032 0
1492142332 10.56
1492142642 0
1492142953 0
1492143253 0.786666666666667
1492143563 0
1492143873 0.174193548387097
1492144183 0
1492144494 31.2967741935484
1492144804 8.8
1492145114 0
1492145424 11.4741935483871
1492145725 0
1492146035 0
1492146345 0
1492146655 0
1492146966 9.39677419354839
1492147276 0
1492147586 0
1492147896 0
1492148197 10.0366666666667
1492148507 0
1492148817 0.594855305466238
1492149128 8.8
1492149428 0
1492149738 0
1492150048 0
1492150358 1.00645161290323
1492150659 0
1492150969 0
1492151279 0
1492151589 0.527331189710611
1492151890 12.5633333333333
1492152200 9.39677419354839
1492152510 0
1492152820 0.174193548387097
1492153131 0
1492153431 0.723333333333333
1492153741 0
1492154051 9826.82262996942
1492154352 0
1492154662 0
1492154972 0.366559485530547
1492155282 0.270967741935484
1492155583 11.1833333333333
1492155893 9.71290322580645
1492156203 0
1492156514 0.7
1492156814 0
1492157124 0
1492157434 0
1492157745 0.761290322580645
1492158045 0
1492158355 0
1492158665 0
1492158975 0
1492159276 0
1492159586 0
1492159896 0
1492160206 0
1492160507 0
1492160817 0
1492161127 0
1492161438 1.00645161290323
1492161738 0
1492162048 12.141935483871
1492162358 0
1492162659 0
1492162969 0
1492163279 0
1492163590 0
1492163890 0
1492164200 0
1492164510 0
1492164820 0
1492165121 0
1492165431 0
1492165741 0
1492166051 13.8488745980707
1492166352 0
1492166662 10.5064516129032
1492166972 1.21935483870968
1492167282 17.9967845659164
1492167583 1.88666666666667
1492167893 0.938709677419355
1492168203 0
1492168514 0
1492168814 0
1492169124 0
1492169434 1.00645161290323
1492169735 11.9866666666667
1492170045 0
1492170355 0
1492170665 0
1492170976 85.8935483870968
1492171276 0
1492171586 0
1492171896 0
1492172197 1.32333333333333
1492172507 10.4709677419355
1492172817 0
1492173127 0
1492173428 0
1492173738 12.0225806451613
1492174048 0
1492174359 0
1492174659 0
1492174969 0
1492175279 0
1492175580 0
1492175890 9856.76687116564
1492176200 0
1492176510 0
1492176811 80.04
1492177121 13.7935483870968
1492177431 0
1492177741 29.4064516129032
1492178052 2.29677419354839
1492178352 0.68
1492178662 0
1492178972 0.758842443729904
1492179273 0
1492179583 0
1492179893 18.4354838709677
1492180203 0
1492180504 0
1492180814 26.6677419354839
1492181124 2.21864951768489
1492181434 1.00645161290323
1492181735 0
1492182045 0
1492182355 0.684887459807074
1492182665 0
1492182966 0
1492183276 0.687096774193548
1492183586 0
1492183896 0
1492184197 0
1492184507 0
1492184817 0
1492185127 0
1492185428 0
1492185738 0
1492186048 0.681672025723473
1492186349 1.11333333333333
1492186659 0
1492186969 0
1492187279 0
1492187580 0
1492187890 1.25161290322581
1492188200 0
1492188510 0.173633440514469
1492188811 0
1492189121 0
1492189431 0
1492189732 1.04
1492190042 0
1492190352 0
1492190662 0
1492190972 0
1492191273 0
1492191583 0
1492191893 0
1492192203 0
1492192504 0
1492192814 0
1492193124 0
1492193434 0
1492193735 0
1492194045 0
1492194355 0
1492194666 0
1492194966 0
1492195276 0
1492195586 0
1492195897 0
1492196197 0
1492196507 0
1492196817 0
1492197127 0
1492197428 0
1492197738 9856.91717791411
1492198048 0
1492198359 0
1492198659 0
1492198969 0
1492199279 0
1492199589 0
1492199890 1.04
1492200200 0
1492200510 0
1492200821 0
1492201121 0
1492201431 0
1492201741 0.758842443729904
1492202042 0
1492202352 0
1492202662 0
1492202972 0
1492203273 0
1492203583 0
1492203893 0
1492204203 0.645161290322581
1492204504 0
1492204814 0
1492205124 0
1492205425 0
1492205735 0.696774193548387
1492206045 0
1492206355 0
1492206656 0
1492206966 0.645161290322581
1492207276 0
1492207587 0
1492207887 0
1492208197 0
1492208507 0
1492208817 0
1492209118 0
1492209428 1.00645161290323
1492209738 0
1492210039 0
1492210349 0
1492210659 0
1492210969 0
1492211270 0
1492211580 0
1492211890 40.3247588424437
1492212201 7.82903225806452
1492212511 27.0806451612903
1492212821 11.2064516129032
1492213131 10.4019292604502
1492213432 2.16666666666667
1492213742 35.5032258064516
1492214052 15.6193548387097
1492214362 0
1492214663 12.4266666666667
1492214973 14.458064516129
1492215283 24.0675241157556
1492215593 0
1492215894 11.77
1492216204 2.43225806451613
1492216514 0
1492216824 14.358064516129
1492217125 0
1492217435 0.174193548387097
1492217745 10.508038585209
1492218046 0
1492218356 12.3967741935484
1492218666 0
1492218977 0
1492219277 11.24
1492219587 9877.6472392638
1492219897 1.2135593220339
1492220208 28.8387096774194
1492220508 0
1492220818 0
1492221128 0
1492221429 0
1492221739 0
1492222049 19.0610932475884
1492222359 0
1492222660 0.18
1492222970 0
1492223280 0
1492223591 50.2516129032258
1492223891 0
1492224201 3.45806451612903
1492224511 0
1492224812 0
1492225122 6.08064516129032
1492225432 0
1492225742 5.20322580645161
1492226043 0
1492226353 0
1492226663 0
1492226974 0
1492227284 0
1492227594 0.761290322580645
1492227904 0.174193548387097
1492228214 0
1492228515 1.33
1492228825 0
1492229135 0
1492229436 0
1492229746 0
1492230056 0
1492230366 0
1492230667 0
1492230977 0
1492231287 0
1492231588 0
1492231898 0
1492232208 0
1492232518 0
1492232819 0
1492233129 0
1492233439 0
1492233750 0
1492234050 0
1492234360 0
1492234670 0
1492234971 0
1492235281 0
1492235591 0
1492235902 0
1492236202 0
1492236512 0
1492236822 0
1492237123 0
1492237433 0
1492237743 0
1492238053 1.0032154340836
1492238363 0
1492238664 0
1492238974 0
1492239284 0
1492239585 0
1492239895 0
1492240205 0
1492240516 0
1492240816 0
1492241126 0
1492241436 9865.71472392638
1492241747 0
1492242047 0
1492242357 1.08709677419355
1492242667 0
1492242978 0
1492243278 24.5133333333333
1492243588 27.4694533762058
1492243898 25.6451612903226
1492244199 30.3066666666667
1492244509 33.0064516129032
1492244819 15.8906752411576
1492245120 0
1492245430 0
1492245740 0
1492246051 0
1492246351 0
1492246661 0
1492246971 0
1492247272 0
1492247582 0
1492247892 0
1492248203 0.174193548387097
1492248503 0
1492248813 0
1492249123 0
1492249433 1.00645161290323
1492249734 0
1492250044 0
1492250354 0
1492250665 0
1492250965 0
1492251275 0
1492251585 0
1492251896 0
1492252206 0
1492252516 0
1492252826 0
1492253127 0
1492253437 0
1492253747 0
1492254057 0
1492254358 0
1492254668 0
1492254978 0
1492255279 0
1492255589 0
1492255899 0
1492256209 0
1492256520 0
1492256820 1.16333333333333
1492257130 102.610932475884
1492257431 0.6
1492257741 1.7588424437299
1492258042 0
1492258344 0.598006644518272
1492258644 1.2
1492258954 0
1492259265 0.69551282051282
1492259565 0.602006688963211
1492259875 5.10289389067524
